       0.0      40.0      80.0     120.0     160.0     200.0     240.0     280.0     320.0     360.0     400.0     440.0     480.0     520.0     560.0     600.0     640.0       0.0      40.0      80.0     120.0     160.0     200.0     240.0     280.0      80.0     120.0     160.0     200.0     240.0     280.0     240.0     280.0     320.0     360.0     400.0     440.0     240.0     280.0     320.0     360.0     400.0     440.0     400.0     440.0     480.0     520.0     560.0     600.0     400.0     440.0     480.0     520.0     560.0     600.0     560.0     600.0     640.0     680.0     720.0     760.0     560.0     600.0     640.0     680.0     720.0     760.0     720.0     760.0     800.0     840.0     880.0     920.0     640.0     680.0     720.0     760.0     800.0     840.0     880.0     920.0

      40.0       0.0      40.0      80.0     120.0     160.0     200.0     240.0     280.0     320.0     360.0     400.0     440.0     480.0     520.0     560.0     600.0      40.0      80.0     120.0     160.0     200.0     240.0     280.0     320.0     120.0     160.0     200.0     240.0     280.0     320.0     200.0     240.0     280.0     320.0     360.0     400.0     200.0     240.0     280.0     320.0     360.0     400.0     360.0     400.0     440.0     480.0     520.0     560.0     360.0     400.0     440.0     480.0     520.0     560.0     520.0     560.0     600.0     640.0     680.0     720.0     520.0     560.0     600.0     640.0     680.0     720.0     680.0     720.0     760.0     800.0     840.0     880.0     600.0     640.0     680.0     720.0     760.0     800.0     840.0     880.0

      80.0      40.0       0.0      40.0      80.0     120.0     160.0     200.0     240.0     280.0     320.0     360.0     400.0     440.0     480.0     520.0     560.0      80.0     120.0     160.0     200.0     240.0     280.0     320.0     360.0     160.0     200.0     240.0     280.0     320.0     360.0     160.0     200.0     240.0     280.0     320.0     360.0     160.0     200.0     240.0     280.0     320.0     360.0     320.0     360.0     400.0     440.0     480.0     520.0     320.0     360.0     400.0     440.0     480.0     520.0     480.0     520.0     560.0     600.0     640.0     680.0     480.0     520.0     560.0     600.0     640.0     680.0     640.0     680.0     720.0     760.0     800.0     840.0     560.0     600.0     640.0     680.0     720.0     760.0     800.0     840.0

     120.0      80.0      40.0       0.0      40.0      80.0     120.0     160.0     200.0     240.0     280.0     320.0     360.0     400.0     440.0     480.0     520.0     120.0     160.0     200.0     240.0     280.0     320.0     360.0     400.0     200.0     240.0     280.0     320.0     360.0     400.0     120.0     160.0     200.0     240.0     280.0     320.0     120.0     160.0     200.0     240.0     280.0     320.0     280.0     320.0     360.0     400.0     440.0     480.0     280.0     320.0     360.0     400.0     440.0     480.0     440.0     480.0     520.0     560.0     600.0     640.0     440.0     480.0     520.0     560.0     600.0     640.0     600.0     640.0     680.0     720.0     760.0     800.0     520.0     560.0     600.0     640.0     680.0     720.0     760.0     800.0

     160.0     120.0      80.0      40.0       0.0      40.0      80.0     120.0     160.0     200.0     240.0     280.0     320.0     360.0     400.0     440.0     480.0     160.0     200.0     240.0     280.0     320.0     360.0     400.0     440.0     240.0     280.0     320.0     360.0     400.0     440.0      80.0     120.0     160.0     200.0     240.0     280.0      80.0     120.0     160.0     200.0     240.0     280.0     240.0     280.0     320.0     360.0     400.0     440.0     240.0     280.0     320.0     360.0     400.0     440.0     400.0     440.0     480.0     520.0     560.0     600.0     400.0     440.0     480.0     520.0     560.0     600.0     560.0     600.0     640.0     680.0     720.0     760.0     480.0     520.0     560.0     600.0     640.0     680.0     720.0     760.0

     200.0     160.0     120.0      80.0      40.0       0.0      40.0      80.0     120.0     160.0     200.0     240.0     280.0     320.0     360.0     400.0     440.0     200.0     240.0     280.0     320.0     360.0     400.0     440.0     480.0     280.0     320.0     360.0     400.0     440.0     480.0     120.0     160.0     200.0     240.0     280.0     320.0     120.0     160.0     200.0     240.0     280.0     320.0     200.0     240.0     280.0     320.0     360.0     400.0     200.0     240.0     280.0     320.0     360.0     400.0     360.0     400.0     440.0     480.0     520.0     560.0     360.0     400.0     440.0     480.0     520.0     560.0     520.0     560.0     600.0     640.0     680.0     720.0     440.0     480.0     520.0     560.0     600.0     640.0     680.0     720.0

     240.0     200.0     160.0     120.0      80.0      40.0       0.0      40.0      80.0     120.0     160.0     200.0     240.0     280.0     320.0     360.0     400.0     240.0     280.0     320.0     360.0     400.0     440.0     480.0     520.0     320.0     360.0     400.0     440.0     480.0     520.0     160.0     200.0     240.0     280.0     320.0     360.0     160.0     200.0     240.0     280.0     320.0     360.0     160.0     200.0     240.0     280.0     320.0     360.0     160.0     200.0     240.0     280.0     320.0     360.0     320.0     360.0     400.0     440.0     480.0     520.0     320.0     360.0     400.0     440.0     480.0     520.0     480.0     520.0     560.0     600.0     640.0     680.0     400.0     440.0     480.0     520.0     560.0     600.0     640.0     680.0

     280.0     240.0     200.0     160.0     120.0      80.0      40.0       0.0      40.0      80.0     120.0     160.0     200.0     240.0     280.0     320.0     360.0     280.0     320.0     360.0     400.0     440.0     480.0     520.0     560.0     360.0     400.0     440.0     480.0     520.0     560.0     200.0     240.0     280.0     320.0     360.0     400.0     200.0     240.0     280.0     320.0     360.0     400.0     120.0     160.0     200.0     240.0     280.0     320.0     120.0     160.0     200.0     240.0     280.0     320.0     280.0     320.0     360.0     400.0     440.0     480.0     280.0     320.0     360.0     400.0     440.0     480.0     440.0     480.0     520.0     560.0     600.0     640.0     360.0     400.0     440.0     480.0     520.0     560.0     600.0     640.0

     320.0     280.0     240.0     200.0     160.0     120.0      80.0      40.0       0.0      40.0      80.0     120.0     160.0     200.0     240.0     280.0     320.0     320.0     360.0     400.0     440.0     480.0     520.0     560.0     600.0     400.0     440.0     480.0     520.0     560.0     600.0     240.0     280.0     320.0     360.0     400.0     440.0     240.0     280.0     320.0     360.0     400.0     440.0      80.0     120.0     160.0     200.0     240.0     280.0      80.0     120.0     160.0     200.0     240.0     280.0     240.0     280.0     320.0     360.0     400.0     440.0     240.0     280.0     320.0     360.0     400.0     440.0     400.0     440.0     480.0     520.0     560.0     600.0     320.0     360.0     400.0     440.0     480.0     520.0     560.0     600.0

     360.0     320.0     280.0     240.0     200.0     160.0     120.0      80.0      40.0       0.0      40.0      80.0     120.0     160.0     200.0     240.0     280.0     360.0     400.0     440.0     480.0     520.0     560.0     600.0     640.0     440.0     480.0     520.0     560.0     600.0     640.0     280.0     320.0     360.0     400.0     440.0     480.0     280.0     320.0     360.0     400.0     440.0     480.0     120.0     160.0     200.0     240.0     280.0     320.0     120.0     160.0     200.0     240.0     280.0     320.0     200.0     240.0     280.0     320.0     360.0     400.0     200.0     240.0     280.0     320.0     360.0     400.0     360.0     400.0     440.0     480.0     520.0     560.0     280.0     320.0     360.0     400.0     440.0     480.0     520.0     560.0

     400.0     360.0     320.0     280.0     240.0     200.0     160.0     120.0      80.0      40.0       0.0      40.0      80.0     120.0     160.0     200.0     240.0     400.0     440.0     480.0     520.0     560.0     600.0     640.0     680.0     480.0     520.0     560.0     600.0     640.0     680.0     320.0     360.0     400.0     440.0     480.0     520.0     320.0     360.0     400.0     440.0     480.0     520.0     160.0     200.0     240.0     280.0     320.0     360.0     160.0     200.0     240.0     280.0     320.0     360.0     160.0     200.0     240.0     280.0     320.0     360.0     160.0     200.0     240.0     280.0     320.0     360.0     320.0     360.0     400.0     440.0     480.0     520.0     240.0     280.0     320.0     360.0     400.0     440.0     480.0     520.0

     440.0     400.0     360.0     320.0     280.0     240.0     200.0     160.0     120.0      80.0      40.0       0.0      40.0      80.0     120.0     160.0     200.0     440.0     480.0     520.0     560.0     600.0     640.0     680.0     720.0     520.0     560.0     600.0     640.0     680.0     720.0     360.0     400.0     440.0     480.0     520.0     560.0     360.0     400.0     440.0     480.0     520.0     560.0     200.0     240.0     280.0     320.0     360.0     400.0     200.0     240.0     280.0     320.0     360.0     400.0     120.0     160.0     200.0     240.0     280.0     320.0     120.0     160.0     200.0     240.0     280.0     320.0     280.0     320.0     360.0     400.0     440.0     480.0     200.0     240.0     280.0     320.0     360.0     400.0     440.0     480.0

     480.0     440.0     400.0     360.0     320.0     280.0     240.0     200.0     160.0     120.0      80.0      40.0       0.0      40.0      80.0     120.0     160.0     480.0     520.0     560.0     600.0     640.0     680.0     720.0     760.0     560.0     600.0     640.0     680.0     720.0     760.0     400.0     440.0     480.0     520.0     560.0     600.0     400.0     440.0     480.0     520.0     560.0     600.0     240.0     280.0     320.0     360.0     400.0     440.0     240.0     280.0     320.0     360.0     400.0     440.0      80.0     120.0     160.0     200.0     240.0     280.0      80.0     120.0     160.0     200.0     240.0     280.0     240.0     280.0     320.0     360.0     400.0     440.0     160.0     200.0     240.0     280.0     320.0     360.0     400.0     440.0

     520.0     480.0     440.0     400.0     360.0     320.0     280.0     240.0     200.0     160.0     120.0      80.0      40.0       0.0      40.0      80.0     120.0     520.0     560.0     600.0     640.0     680.0     720.0     760.0     800.0     600.0     640.0     680.0     720.0     760.0     800.0     440.0     480.0     520.0     560.0     600.0     640.0     440.0     480.0     520.0     560.0     600.0     640.0     280.0     320.0     360.0     400.0     440.0     480.0     280.0     320.0     360.0     400.0     440.0     480.0     120.0     160.0     200.0     240.0     280.0     320.0     120.0     160.0     200.0     240.0     280.0     320.0     200.0     240.0     280.0     320.0     360.0     400.0     120.0     160.0     200.0     240.0     280.0     320.0     360.0     400.0

     560.0     520.0     480.0     440.0     400.0     360.0     320.0     280.0     240.0     200.0     160.0     120.0      80.0      40.0       0.0      40.0      80.0     560.0     600.0     640.0     680.0     720.0     760.0     800.0     840.0     640.0     680.0     720.0     760.0     800.0     840.0     480.0     520.0     560.0     600.0     640.0     680.0     480.0     520.0     560.0     600.0     640.0     680.0     320.0     360.0     400.0     440.0     480.0     520.0     320.0     360.0     400.0     440.0     480.0     520.0     160.0     200.0     240.0     280.0     320.0     360.0     160.0     200.0     240.0     280.0     320.0     360.0     160.0     200.0     240.0     280.0     320.0     360.0      80.0     120.0     160.0     200.0     240.0     280.0     320.0     360.0

     600.0     560.0     520.0     480.0     440.0     400.0     360.0     320.0     280.0     240.0     200.0     160.0     120.0      80.0      40.0       0.0      40.0     600.0     640.0     680.0     720.0     760.0     800.0     840.0     880.0     680.0     720.0     760.0     800.0     840.0     880.0     520.0     560.0     600.0     640.0     680.0     720.0     520.0     560.0     600.0     640.0     680.0     720.0     360.0     400.0     440.0     480.0     520.0     560.0     360.0     400.0     440.0     480.0     520.0     560.0     200.0     240.0     280.0     320.0     360.0     400.0     200.0     240.0     280.0     320.0     360.0     400.0     120.0     160.0     200.0     240.0     280.0     320.0      40.0      80.0     120.0     160.0     200.0     240.0     280.0     320.0

     640.0     600.0     560.0     520.0     480.0     440.0     400.0     360.0     320.0     280.0     240.0     200.0     160.0     120.0      80.0      40.0       0.0     640.0     680.0     720.0     760.0     800.0     840.0     880.0     920.0     720.0     760.0     800.0     840.0     880.0     920.0     560.0     600.0     640.0     680.0     720.0     760.0     560.0     600.0     640.0     680.0     720.0     760.0     400.0     440.0     480.0     520.0     560.0     600.0     400.0     440.0     480.0     520.0     560.0     600.0     240.0     280.0     320.0     360.0     400.0     440.0     240.0     280.0     320.0     360.0     400.0     440.0      80.0     120.0     160.0     200.0     240.0     280.0       0.0      40.0      80.0     120.0     160.0     200.0     240.0     280.0

       0.0      40.0      80.0     120.0     160.0     200.0     240.0     280.0     320.0     360.0     400.0     440.0     480.0     520.0     560.0     600.0     640.0       0.0      40.0      80.0     120.0     160.0     200.0     240.0     280.0      80.0     120.0     160.0     200.0     240.0     280.0     240.0     280.0     320.0     360.0     400.0     440.0     240.0     280.0     320.0     360.0     400.0     440.0     400.0     440.0     480.0     520.0     560.0     600.0     400.0     440.0     480.0     520.0     560.0     600.0     560.0     600.0     640.0     680.0     720.0     760.0     560.0     600.0     640.0     680.0     720.0     760.0     720.0     760.0     800.0     840.0     880.0     920.0     640.0     680.0     720.0     760.0     800.0     840.0     880.0     920.0

      40.0      80.0     120.0     160.0     200.0     240.0     280.0     320.0     360.0     400.0     440.0     480.0     520.0     560.0     600.0     640.0     680.0      40.0       0.0      40.0      80.0     120.0     160.0     200.0     240.0      40.0      80.0     120.0     160.0     200.0     240.0     280.0     320.0     360.0     400.0     440.0     480.0     280.0     320.0     360.0     400.0     440.0     480.0     440.0     480.0     520.0     560.0     600.0     640.0     440.0     480.0     520.0     560.0     600.0     640.0     600.0     640.0     680.0     720.0     760.0     800.0     600.0     640.0     680.0     720.0     760.0     800.0     760.0     800.0     840.0     880.0     920.0     960.0     680.0     720.0     760.0     800.0     840.0     880.0     920.0     960.0

      80.0     120.0     160.0     200.0     240.0     280.0     320.0     360.0     400.0     440.0     480.0     520.0     560.0     600.0     640.0     680.0     720.0      80.0      40.0       0.0      40.0      80.0     120.0     160.0     200.0       0.0      40.0      80.0     120.0     160.0     200.0     320.0     360.0     400.0     440.0     480.0     440.0     320.0     360.0     400.0     440.0     480.0     440.0     480.0     520.0     560.0     600.0     640.0     600.0     480.0     520.0     560.0     600.0     640.0     600.0     640.0     680.0     720.0     760.0     800.0     760.0     640.0     680.0     720.0     760.0     800.0     760.0     800.0     840.0     880.0     920.0     960.0     920.0     720.0     760.0     800.0     840.0     880.0     920.0     960.0     920.0

     120.0     160.0     200.0     240.0     280.0     320.0     360.0     400.0     440.0     480.0     520.0     560.0     600.0     640.0     680.0     720.0     760.0     120.0      80.0      40.0       0.0      40.0      80.0     120.0     160.0      40.0       0.0      40.0      80.0     120.0     160.0     360.0     400.0     440.0     480.0     440.0     400.0     360.0     400.0     440.0     480.0     440.0     400.0     520.0     560.0     600.0     640.0     600.0     560.0     520.0     560.0     600.0     640.0     600.0     560.0     680.0     720.0     760.0     800.0     760.0     720.0     680.0     720.0     760.0     800.0     760.0     720.0     840.0     880.0     920.0     960.0     920.0     880.0     760.0     800.0     840.0     880.0     920.0     960.0     920.0     880.0

     160.0     200.0     240.0     280.0     320.0     360.0     400.0     440.0     480.0     520.0     560.0     600.0     640.0     680.0     720.0     760.0     800.0     160.0     120.0      80.0      40.0       0.0      40.0      80.0     120.0      80.0      40.0       0.0      40.0      80.0     120.0     400.0     440.0     480.0     440.0     400.0     360.0     400.0     440.0     480.0     440.0     400.0     360.0     560.0     600.0     640.0     600.0     560.0     520.0     560.0     600.0     640.0     600.0     560.0     520.0     720.0     760.0     800.0     760.0     720.0     680.0     720.0     760.0     800.0     760.0     720.0     680.0     880.0     920.0     960.0     920.0     880.0     840.0     800.0     840.0     880.0     920.0     960.0     920.0     880.0     840.0

     200.0     240.0     280.0     320.0     360.0     400.0     440.0     480.0     520.0     560.0     600.0     640.0     680.0     720.0     760.0     800.0     840.0     200.0     160.0     120.0      80.0      40.0       0.0      40.0      80.0     120.0      80.0      40.0       0.0      40.0      80.0     440.0     480.0     440.0     400.0     360.0     320.0     440.0     480.0     440.0     400.0     360.0     320.0     600.0     640.0     600.0     560.0     520.0     480.0     600.0     640.0     600.0     560.0     520.0     480.0     760.0     800.0     760.0     720.0     680.0     640.0     760.0     800.0     760.0     720.0     680.0     640.0     920.0     960.0     920.0     880.0     840.0     800.0     840.0     880.0     920.0     960.0     920.0     880.0     840.0     800.0

     240.0     280.0     320.0     360.0     400.0     440.0     480.0     520.0     560.0     600.0     640.0     680.0     720.0     760.0     800.0     840.0     880.0     240.0     200.0     160.0     120.0      80.0      40.0       0.0      40.0     160.0     120.0      80.0      40.0       0.0      40.0     480.0     440.0     400.0     360.0     320.0     280.0     480.0     440.0     400.0     360.0     320.0     280.0     640.0     600.0     560.0     520.0     480.0     440.0     640.0     600.0     560.0     520.0     480.0     440.0     800.0     760.0     720.0     680.0     640.0     600.0     800.0     760.0     720.0     680.0     640.0     600.0     960.0     920.0     880.0     840.0     800.0     760.0     880.0     920.0     960.0     920.0     880.0     840.0     800.0     760.0

     280.0     320.0     360.0     400.0     440.0     480.0     520.0     560.0     600.0     640.0     680.0     720.0     760.0     800.0     840.0     880.0     920.0     280.0     240.0     200.0     160.0     120.0      80.0      40.0       0.0     200.0     160.0     120.0      80.0      40.0       0.0     440.0     400.0     360.0     320.0     280.0     240.0     440.0     400.0     360.0     320.0     280.0     240.0     600.0     560.0     520.0     480.0     440.0     400.0     600.0     560.0     520.0     480.0     440.0     400.0     760.0     720.0     680.0     640.0     600.0     560.0     760.0     720.0     680.0     640.0     600.0     560.0     920.0     880.0     840.0     800.0     760.0     720.0     920.0     960.0     920.0     880.0     840.0     800.0     760.0     720.0

      80.0     120.0     160.0     200.0     240.0     280.0     320.0     360.0     400.0     440.0     480.0     520.0     560.0     600.0     640.0     680.0     720.0      80.0      40.0       0.0      40.0      80.0     120.0     160.0     200.0       0.0      40.0      80.0     120.0     160.0     200.0     320.0     360.0     400.0     440.0     480.0     440.0     320.0     360.0     400.0     440.0     480.0     440.0     480.0     520.0     560.0     600.0     640.0     600.0     480.0     520.0     560.0     600.0     640.0     600.0     640.0     680.0     720.0     760.0     800.0     760.0     640.0     680.0     720.0     760.0     800.0     760.0     800.0     840.0     880.0     920.0     960.0     920.0     720.0     760.0     800.0     840.0     880.0     920.0     960.0     920.0

     120.0     160.0     200.0     240.0     280.0     320.0     360.0     400.0     440.0     480.0     520.0     560.0     600.0     640.0     680.0     720.0     760.0     120.0      80.0      40.0       0.0      40.0      80.0     120.0     160.0      40.0       0.0      40.0      80.0     120.0     160.0     360.0     400.0     440.0     480.0     440.0     400.0     360.0     400.0     440.0     480.0     440.0     400.0     520.0     560.0     600.0     640.0     600.0     560.0     520.0     560.0     600.0     640.0     600.0     560.0     680.0     720.0     760.0     800.0     760.0     720.0     680.0     720.0     760.0     800.0     760.0     720.0     840.0     880.0     920.0     960.0     920.0     880.0     760.0     800.0     840.0     880.0     920.0     960.0     920.0     880.0

     160.0     200.0     240.0     280.0     320.0     360.0     400.0     440.0     480.0     520.0     560.0     600.0     640.0     680.0     720.0     760.0     800.0     160.0     120.0      80.0      40.0       0.0      40.0      80.0     120.0      80.0      40.0       0.0      40.0      80.0     120.0     400.0     440.0     480.0     440.0     400.0     360.0     400.0     440.0     480.0     440.0     400.0     360.0     560.0     600.0     640.0     600.0     560.0     520.0     560.0     600.0     640.0     600.0     560.0     520.0     720.0     760.0     800.0     760.0     720.0     680.0     720.0     760.0     800.0     760.0     720.0     680.0     880.0     920.0     960.0     920.0     880.0     840.0     800.0     840.0     880.0     920.0     960.0     920.0     880.0     840.0

     200.0     240.0     280.0     320.0     360.0     400.0     440.0     480.0     520.0     560.0     600.0     640.0     680.0     720.0     760.0     800.0     840.0     200.0     160.0     120.0      80.0      40.0       0.0      40.0      80.0     120.0      80.0      40.0       0.0      40.0      80.0     440.0     480.0     440.0     400.0     360.0     320.0     440.0     480.0     440.0     400.0     360.0     320.0     600.0     640.0     600.0     560.0     520.0     480.0     600.0     640.0     600.0     560.0     520.0     480.0     760.0     800.0     760.0     720.0     680.0     640.0     760.0     800.0     760.0     720.0     680.0     640.0     920.0     960.0     920.0     880.0     840.0     800.0     840.0     880.0     920.0     960.0     920.0     880.0     840.0     800.0

     240.0     280.0     320.0     360.0     400.0     440.0     480.0     520.0     560.0     600.0     640.0     680.0     720.0     760.0     800.0     840.0     880.0     240.0     200.0     160.0     120.0      80.0      40.0       0.0      40.0     160.0     120.0      80.0      40.0       0.0      40.0     480.0     440.0     400.0     360.0     320.0     280.0     480.0     440.0     400.0     360.0     320.0     280.0     640.0     600.0     560.0     520.0     480.0     440.0     640.0     600.0     560.0     520.0     480.0     440.0     800.0     760.0     720.0     680.0     640.0     600.0     800.0     760.0     720.0     680.0     640.0     600.0     960.0     920.0     880.0     840.0     800.0     760.0     880.0     920.0     960.0     920.0     880.0     840.0     800.0     760.0

     280.0     320.0     360.0     400.0     440.0     480.0     520.0     560.0     600.0     640.0     680.0     720.0     760.0     800.0     840.0     880.0     920.0     280.0     240.0     200.0     160.0     120.0      80.0      40.0       0.0     200.0     160.0     120.0      80.0      40.0       0.0     440.0     400.0     360.0     320.0     280.0     240.0     440.0     400.0     360.0     320.0     280.0     240.0     600.0     560.0     520.0     480.0     440.0     400.0     600.0     560.0     520.0     480.0     440.0     400.0     760.0     720.0     680.0     640.0     600.0     560.0     760.0     720.0     680.0     640.0     600.0     560.0     920.0     880.0     840.0     800.0     760.0     720.0     920.0     960.0     920.0     880.0     840.0     800.0     760.0     720.0

     240.0     200.0     160.0     120.0      80.0     120.0     160.0     200.0     240.0     280.0     320.0     360.0     400.0     440.0     480.0     520.0     560.0     240.0     280.0     320.0     360.0     400.0     440.0     480.0     440.0     320.0     360.0     400.0     440.0     480.0     440.0       0.0      40.0      80.0     120.0     160.0     200.0       0.0      40.0      80.0     120.0     160.0     200.0     320.0     360.0     400.0     440.0     480.0     440.0     320.0     360.0     400.0     440.0     480.0     440.0     480.0     520.0     560.0     600.0     640.0     600.0     480.0     520.0     560.0     600.0     640.0     600.0     640.0     680.0     720.0     760.0     800.0     760.0     560.0     600.0     640.0     680.0     720.0     760.0     800.0     760.0

     280.0     240.0     200.0     160.0     120.0     160.0     200.0     240.0     280.0     320.0     360.0     400.0     440.0     480.0     520.0     560.0     600.0     280.0     320.0     360.0     400.0     440.0     480.0     440.0     400.0     360.0     400.0     440.0     480.0     440.0     400.0      40.0       0.0      40.0      80.0     120.0     160.0      40.0       0.0      40.0      80.0     120.0     160.0     360.0     400.0     440.0     480.0     440.0     400.0     360.0     400.0     440.0     480.0     440.0     400.0     520.0     560.0     600.0     640.0     600.0     560.0     520.0     560.0     600.0     640.0     600.0     560.0     680.0     720.0     760.0     800.0     760.0     720.0     600.0     640.0     680.0     720.0     760.0     800.0     760.0     720.0

     320.0     280.0     240.0     200.0     160.0     200.0     240.0     280.0     320.0     360.0     400.0     440.0     480.0     520.0     560.0     600.0     640.0     320.0     360.0     400.0     440.0     480.0     440.0     400.0     360.0     400.0     440.0     480.0     440.0     400.0     360.0      80.0      40.0       0.0      40.0      80.0     120.0      80.0      40.0       0.0      40.0      80.0     120.0     400.0     440.0     480.0     440.0     400.0     360.0     400.0     440.0     480.0     440.0     400.0     360.0     560.0     600.0     640.0     600.0     560.0     520.0     560.0     600.0     640.0     600.0     560.0     520.0     720.0     760.0     800.0     760.0     720.0     680.0     640.0     680.0     720.0     760.0     800.0     760.0     720.0     680.0

     360.0     320.0     280.0     240.0     200.0     240.0     280.0     320.0     360.0     400.0     440.0     480.0     520.0     560.0     600.0     640.0     680.0     360.0     400.0     440.0     480.0     440.0     400.0     360.0     320.0     440.0     480.0     440.0     400.0     360.0     320.0     120.0      80.0      40.0       0.0      40.0      80.0     120.0      80.0      40.0       0.0      40.0      80.0     440.0     480.0     440.0     400.0     360.0     320.0     440.0     480.0     440.0     400.0     360.0     320.0     600.0     640.0     600.0     560.0     520.0     480.0     600.0     640.0     600.0     560.0     520.0     480.0     760.0     800.0     760.0     720.0     680.0     640.0     680.0     720.0     760.0     800.0     760.0     720.0     680.0     640.0

     400.0     360.0     320.0     280.0     240.0     280.0     320.0     360.0     400.0     440.0     480.0     520.0     560.0     600.0     640.0     680.0     720.0     400.0     440.0     480.0     440.0     400.0     360.0     320.0     280.0     480.0     440.0     400.0     360.0     320.0     280.0     160.0     120.0      80.0      40.0       0.0      40.0     160.0     120.0      80.0      40.0       0.0      40.0     480.0     440.0     400.0     360.0     320.0     280.0     480.0     440.0     400.0     360.0     320.0     280.0     640.0     600.0     560.0     520.0     480.0     440.0     640.0     600.0     560.0     520.0     480.0     440.0     800.0     760.0     720.0     680.0     640.0     600.0     720.0     760.0     800.0     760.0     720.0     680.0     640.0     600.0

     440.0     400.0     360.0     320.0     280.0     320.0     360.0     400.0     440.0     480.0     520.0     560.0     600.0     640.0     680.0     720.0     760.0     440.0     480.0     440.0     400.0     360.0     320.0     280.0     240.0     440.0     400.0     360.0     320.0     280.0     240.0     200.0     160.0     120.0      80.0      40.0       0.0     200.0     160.0     120.0      80.0      40.0       0.0     440.0     400.0     360.0     320.0     280.0     240.0     440.0     400.0     360.0     320.0     280.0     240.0     600.0     560.0     520.0     480.0     440.0     400.0     600.0     560.0     520.0     480.0     440.0     400.0     760.0     720.0     680.0     640.0     600.0     560.0     760.0     800.0     760.0     720.0     680.0     640.0     600.0     560.0

     240.0     200.0     160.0     120.0      80.0     120.0     160.0     200.0     240.0     280.0     320.0     360.0     400.0     440.0     480.0     520.0     560.0     240.0     280.0     320.0     360.0     400.0     440.0     480.0     440.0     320.0     360.0     400.0     440.0     480.0     440.0       0.0      40.0      80.0     120.0     160.0     200.0       0.0      40.0      80.0     120.0     160.0     200.0     320.0     360.0     400.0     440.0     480.0     440.0     320.0     360.0     400.0     440.0     480.0     440.0     480.0     520.0     560.0     600.0     640.0     600.0     480.0     520.0     560.0     600.0     640.0     600.0     640.0     680.0     720.0     760.0     800.0     760.0     560.0     600.0     640.0     680.0     720.0     760.0     800.0     760.0

     280.0     240.0     200.0     160.0     120.0     160.0     200.0     240.0     280.0     320.0     360.0     400.0     440.0     480.0     520.0     560.0     600.0     280.0     320.0     360.0     400.0     440.0     480.0     440.0     400.0     360.0     400.0     440.0     480.0     440.0     400.0      40.0       0.0      40.0      80.0     120.0     160.0      40.0       0.0      40.0      80.0     120.0     160.0     360.0     400.0     440.0     480.0     440.0     400.0     360.0     400.0     440.0     480.0     440.0     400.0     520.0     560.0     600.0     640.0     600.0     560.0     520.0     560.0     600.0     640.0     600.0     560.0     680.0     720.0     760.0     800.0     760.0     720.0     600.0     640.0     680.0     720.0     760.0     800.0     760.0     720.0

     320.0     280.0     240.0     200.0     160.0     200.0     240.0     280.0     320.0     360.0     400.0     440.0     480.0     520.0     560.0     600.0     640.0     320.0     360.0     400.0     440.0     480.0     440.0     400.0     360.0     400.0     440.0     480.0     440.0     400.0     360.0      80.0      40.0       0.0      40.0      80.0     120.0      80.0      40.0       0.0      40.0      80.0     120.0     400.0     440.0     480.0     440.0     400.0     360.0     400.0     440.0     480.0     440.0     400.0     360.0     560.0     600.0     640.0     600.0     560.0     520.0     560.0     600.0     640.0     600.0     560.0     520.0     720.0     760.0     800.0     760.0     720.0     680.0     640.0     680.0     720.0     760.0     800.0     760.0     720.0     680.0

     360.0     320.0     280.0     240.0     200.0     240.0     280.0     320.0     360.0     400.0     440.0     480.0     520.0     560.0     600.0     640.0     680.0     360.0     400.0     440.0     480.0     440.0     400.0     360.0     320.0     440.0     480.0     440.0     400.0     360.0     320.0     120.0      80.0      40.0       0.0      40.0      80.0     120.0      80.0      40.0       0.0      40.0      80.0     440.0     480.0     440.0     400.0     360.0     320.0     440.0     480.0     440.0     400.0     360.0     320.0     600.0     640.0     600.0     560.0     520.0     480.0     600.0     640.0     600.0     560.0     520.0     480.0     760.0     800.0     760.0     720.0     680.0     640.0     680.0     720.0     760.0     800.0     760.0     720.0     680.0     640.0

     400.0     360.0     320.0     280.0     240.0     280.0     320.0     360.0     400.0     440.0     480.0     520.0     560.0     600.0     640.0     680.0     720.0     400.0     440.0     480.0     440.0     400.0     360.0     320.0     280.0     480.0     440.0     400.0     360.0     320.0     280.0     160.0     120.0      80.0      40.0       0.0      40.0     160.0     120.0      80.0      40.0       0.0      40.0     480.0     440.0     400.0     360.0     320.0     280.0     480.0     440.0     400.0     360.0     320.0     280.0     640.0     600.0     560.0     520.0     480.0     440.0     640.0     600.0     560.0     520.0     480.0     440.0     800.0     760.0     720.0     680.0     640.0     600.0     720.0     760.0     800.0     760.0     720.0     680.0     640.0     600.0

     440.0     400.0     360.0     320.0     280.0     320.0     360.0     400.0     440.0     480.0     520.0     560.0     600.0     640.0     680.0     720.0     760.0     440.0     480.0     440.0     400.0     360.0     320.0     280.0     240.0     440.0     400.0     360.0     320.0     280.0     240.0     200.0     160.0     120.0      80.0      40.0       0.0     200.0     160.0     120.0      80.0      40.0       0.0     440.0     400.0     360.0     320.0     280.0     240.0     440.0     400.0     360.0     320.0     280.0     240.0     600.0     560.0     520.0     480.0     440.0     400.0     600.0     560.0     520.0     480.0     440.0     400.0     760.0     720.0     680.0     640.0     600.0     560.0     760.0     800.0     760.0     720.0     680.0     640.0     600.0     560.0

     400.0     360.0     320.0     280.0     240.0     200.0     160.0     120.0      80.0     120.0     160.0     200.0     240.0     280.0     320.0     360.0     400.0     400.0     440.0     480.0     520.0     560.0     600.0     640.0     600.0     480.0     520.0     560.0     600.0     640.0     600.0     320.0     360.0     400.0     440.0     480.0     440.0     320.0     360.0     400.0     440.0     480.0     440.0       0.0      40.0      80.0     120.0     160.0     200.0       0.0      40.0      80.0     120.0     160.0     200.0     320.0     360.0     400.0     440.0     480.0     440.0     320.0     360.0     400.0     440.0     480.0     440.0     480.0     520.0     560.0     600.0     640.0     600.0     400.0     440.0     480.0     520.0     560.0     600.0     640.0     600.0

     440.0     400.0     360.0     320.0     280.0     240.0     200.0     160.0     120.0     160.0     200.0     240.0     280.0     320.0     360.0     400.0     440.0     440.0     480.0     520.0     560.0     600.0     640.0     600.0     560.0     520.0     560.0     600.0     640.0     600.0     560.0     360.0     400.0     440.0     480.0     440.0     400.0     360.0     400.0     440.0     480.0     440.0     400.0      40.0       0.0      40.0      80.0     120.0     160.0      40.0       0.0      40.0      80.0     120.0     160.0     360.0     400.0     440.0     480.0     440.0     400.0     360.0     400.0     440.0     480.0     440.0     400.0     520.0     560.0     600.0     640.0     600.0     560.0     440.0     480.0     520.0     560.0     600.0     640.0     600.0     560.0

     480.0     440.0     400.0     360.0     320.0     280.0     240.0     200.0     160.0     200.0     240.0     280.0     320.0     360.0     400.0     440.0     480.0     480.0     520.0     560.0     600.0     640.0     600.0     560.0     520.0     560.0     600.0     640.0     600.0     560.0     520.0     400.0     440.0     480.0     440.0     400.0     360.0     400.0     440.0     480.0     440.0     400.0     360.0      80.0      40.0       0.0      40.0      80.0     120.0      80.0      40.0       0.0      40.0      80.0     120.0     400.0     440.0     480.0     440.0     400.0     360.0     400.0     440.0     480.0     440.0     400.0     360.0     560.0     600.0     640.0     600.0     560.0     520.0     480.0     520.0     560.0     600.0     640.0     600.0     560.0     520.0

     520.0     480.0     440.0     400.0     360.0     320.0     280.0     240.0     200.0     240.0     280.0     320.0     360.0     400.0     440.0     480.0     520.0     520.0     560.0     600.0     640.0     600.0     560.0     520.0     480.0     600.0     640.0     600.0     560.0     520.0     480.0     440.0     480.0     440.0     400.0     360.0     320.0     440.0     480.0     440.0     400.0     360.0     320.0     120.0      80.0      40.0       0.0      40.0      80.0     120.0      80.0      40.0       0.0      40.0      80.0     440.0     480.0     440.0     400.0     360.0     320.0     440.0     480.0     440.0     400.0     360.0     320.0     600.0     640.0     600.0     560.0     520.0     480.0     520.0     560.0     600.0     640.0     600.0     560.0     520.0     480.0

     560.0     520.0     480.0     440.0     400.0     360.0     320.0     280.0     240.0     280.0     320.0     360.0     400.0     440.0     480.0     520.0     560.0     560.0     600.0     640.0     600.0     560.0     520.0     480.0     440.0     640.0     600.0     560.0     520.0     480.0     440.0     480.0     440.0     400.0     360.0     320.0     280.0     480.0     440.0     400.0     360.0     320.0     280.0     160.0     120.0      80.0      40.0       0.0      40.0     160.0     120.0      80.0      40.0       0.0      40.0     480.0     440.0     400.0     360.0     320.0     280.0     480.0     440.0     400.0     360.0     320.0     280.0     640.0     600.0     560.0     520.0     480.0     440.0     560.0     600.0     640.0     600.0     560.0     520.0     480.0     440.0

     600.0     560.0     520.0     480.0     440.0     400.0     360.0     320.0     280.0     320.0     360.0     400.0     440.0     480.0     520.0     560.0     600.0     600.0     640.0     600.0     560.0     520.0     480.0     440.0     400.0     600.0     560.0     520.0     480.0     440.0     400.0     440.0     400.0     360.0     320.0     280.0     240.0     440.0     400.0     360.0     320.0     280.0     240.0     200.0     160.0     120.0      80.0      40.0       0.0     200.0     160.0     120.0      80.0      40.0       0.0     440.0     400.0     360.0     320.0     280.0     240.0     440.0     400.0     360.0     320.0     280.0     240.0     600.0     560.0     520.0     480.0     440.0     400.0     600.0     640.0     600.0     560.0     520.0     480.0     440.0     400.0

     400.0     360.0     320.0     280.0     240.0     200.0     160.0     120.0      80.0     120.0     160.0     200.0     240.0     280.0     320.0     360.0     400.0     400.0     440.0     480.0     520.0     560.0     600.0     640.0     600.0     480.0     520.0     560.0     600.0     640.0     600.0     320.0     360.0     400.0     440.0     480.0     440.0     320.0     360.0     400.0     440.0     480.0     440.0       0.0      40.0      80.0     120.0     160.0     200.0       0.0      40.0      80.0     120.0     160.0     200.0     320.0     360.0     400.0     440.0     480.0     440.0     320.0     360.0     400.0     440.0     480.0     440.0     480.0     520.0     560.0     600.0     640.0     600.0     400.0     440.0     480.0     520.0     560.0     600.0     640.0     600.0

     440.0     400.0     360.0     320.0     280.0     240.0     200.0     160.0     120.0     160.0     200.0     240.0     280.0     320.0     360.0     400.0     440.0     440.0     480.0     520.0     560.0     600.0     640.0     600.0     560.0     520.0     560.0     600.0     640.0     600.0     560.0     360.0     400.0     440.0     480.0     440.0     400.0     360.0     400.0     440.0     480.0     440.0     400.0      40.0       0.0      40.0      80.0     120.0     160.0      40.0       0.0      40.0      80.0     120.0     160.0     360.0     400.0     440.0     480.0     440.0     400.0     360.0     400.0     440.0     480.0     440.0     400.0     520.0     560.0     600.0     640.0     600.0     560.0     440.0     480.0     520.0     560.0     600.0     640.0     600.0     560.0

     480.0     440.0     400.0     360.0     320.0     280.0     240.0     200.0     160.0     200.0     240.0     280.0     320.0     360.0     400.0     440.0     480.0     480.0     520.0     560.0     600.0     640.0     600.0     560.0     520.0     560.0     600.0     640.0     600.0     560.0     520.0     400.0     440.0     480.0     440.0     400.0     360.0     400.0     440.0     480.0     440.0     400.0     360.0      80.0      40.0       0.0      40.0      80.0     120.0      80.0      40.0       0.0      40.0      80.0     120.0     400.0     440.0     480.0     440.0     400.0     360.0     400.0     440.0     480.0     440.0     400.0     360.0     560.0     600.0     640.0     600.0     560.0     520.0     480.0     520.0     560.0     600.0     640.0     600.0     560.0     520.0

     520.0     480.0     440.0     400.0     360.0     320.0     280.0     240.0     200.0     240.0     280.0     320.0     360.0     400.0     440.0     480.0     520.0     520.0     560.0     600.0     640.0     600.0     560.0     520.0     480.0     600.0     640.0     600.0     560.0     520.0     480.0     440.0     480.0     440.0     400.0     360.0     320.0     440.0     480.0     440.0     400.0     360.0     320.0     120.0      80.0      40.0       0.0      40.0      80.0     120.0      80.0      40.0       0.0      40.0      80.0     440.0     480.0     440.0     400.0     360.0     320.0     440.0     480.0     440.0     400.0     360.0     320.0     600.0     640.0     600.0     560.0     520.0     480.0     520.0     560.0     600.0     640.0     600.0     560.0     520.0     480.0

     560.0     520.0     480.0     440.0     400.0     360.0     320.0     280.0     240.0     280.0     320.0     360.0     400.0     440.0     480.0     520.0     560.0     560.0     600.0     640.0     600.0     560.0     520.0     480.0     440.0     640.0     600.0     560.0     520.0     480.0     440.0     480.0     440.0     400.0     360.0     320.0     280.0     480.0     440.0     400.0     360.0     320.0     280.0     160.0     120.0      80.0      40.0       0.0      40.0     160.0     120.0      80.0      40.0       0.0      40.0     480.0     440.0     400.0     360.0     320.0     280.0     480.0     440.0     400.0     360.0     320.0     280.0     640.0     600.0     560.0     520.0     480.0     440.0     560.0     600.0     640.0     600.0     560.0     520.0     480.0     440.0

     600.0     560.0     520.0     480.0     440.0     400.0     360.0     320.0     280.0     320.0     360.0     400.0     440.0     480.0     520.0     560.0     600.0     600.0     640.0     600.0     560.0     520.0     480.0     440.0     400.0     600.0     560.0     520.0     480.0     440.0     400.0     440.0     400.0     360.0     320.0     280.0     240.0     440.0     400.0     360.0     320.0     280.0     240.0     200.0     160.0     120.0      80.0      40.0       0.0     200.0     160.0     120.0      80.0      40.0       0.0     440.0     400.0     360.0     320.0     280.0     240.0     440.0     400.0     360.0     320.0     280.0     240.0     600.0     560.0     520.0     480.0     440.0     400.0     600.0     640.0     600.0     560.0     520.0     480.0     440.0     400.0

     560.0     520.0     480.0     440.0     400.0     360.0     320.0     280.0     240.0     200.0     160.0     120.0      80.0     120.0     160.0     200.0     240.0     560.0     600.0     640.0     680.0     720.0     760.0     800.0     760.0     640.0     680.0     720.0     760.0     800.0     760.0     480.0     520.0     560.0     600.0     640.0     600.0     480.0     520.0     560.0     600.0     640.0     600.0     320.0     360.0     400.0     440.0     480.0     440.0     320.0     360.0     400.0     440.0     480.0     440.0       0.0      40.0      80.0     120.0     160.0     200.0       0.0      40.0      80.0     120.0     160.0     200.0     320.0     360.0     400.0     440.0     480.0     440.0     240.0     280.0     320.0     360.0     400.0     440.0     480.0     440.0

     600.0     560.0     520.0     480.0     440.0     400.0     360.0     320.0     280.0     240.0     200.0     160.0     120.0     160.0     200.0     240.0     280.0     600.0     640.0     680.0     720.0     760.0     800.0     760.0     720.0     680.0     720.0     760.0     800.0     760.0     720.0     520.0     560.0     600.0     640.0     600.0     560.0     520.0     560.0     600.0     640.0     600.0     560.0     360.0     400.0     440.0     480.0     440.0     400.0     360.0     400.0     440.0     480.0     440.0     400.0      40.0       0.0      40.0      80.0     120.0     160.0      40.0       0.0      40.0      80.0     120.0     160.0     360.0     400.0     440.0     480.0     440.0     400.0     280.0     320.0     360.0     400.0     440.0     480.0     440.0     400.0

     640.0     600.0     560.0     520.0     480.0     440.0     400.0     360.0     320.0     280.0     240.0     200.0     160.0     200.0     240.0     280.0     320.0     640.0     680.0     720.0     760.0     800.0     760.0     720.0     680.0     720.0     760.0     800.0     760.0     720.0     680.0     560.0     600.0     640.0     600.0     560.0     520.0     560.0     600.0     640.0     600.0     560.0     520.0     400.0     440.0     480.0     440.0     400.0     360.0     400.0     440.0     480.0     440.0     400.0     360.0      80.0      40.0       0.0      40.0      80.0     120.0      80.0      40.0       0.0      40.0      80.0     120.0     400.0     440.0     480.0     440.0     400.0     360.0     320.0     360.0     400.0     440.0     480.0     440.0     400.0     360.0

     680.0     640.0     600.0     560.0     520.0     480.0     440.0     400.0     360.0     320.0     280.0     240.0     200.0     240.0     280.0     320.0     360.0     680.0     720.0     760.0     800.0     760.0     720.0     680.0     640.0     760.0     800.0     760.0     720.0     680.0     640.0     600.0     640.0     600.0     560.0     520.0     480.0     600.0     640.0     600.0     560.0     520.0     480.0     440.0     480.0     440.0     400.0     360.0     320.0     440.0     480.0     440.0     400.0     360.0     320.0     120.0      80.0      40.0       0.0      40.0      80.0     120.0      80.0      40.0       0.0      40.0      80.0     440.0     480.0     440.0     400.0     360.0     320.0     360.0     400.0     440.0     480.0     440.0     400.0     360.0     320.0

     720.0     680.0     640.0     600.0     560.0     520.0     480.0     440.0     400.0     360.0     320.0     280.0     240.0     280.0     320.0     360.0     400.0     720.0     760.0     800.0     760.0     720.0     680.0     640.0     600.0     800.0     760.0     720.0     680.0     640.0     600.0     640.0     600.0     560.0     520.0     480.0     440.0     640.0     600.0     560.0     520.0     480.0     440.0     480.0     440.0     400.0     360.0     320.0     280.0     480.0     440.0     400.0     360.0     320.0     280.0     160.0     120.0      80.0      40.0       0.0      40.0     160.0     120.0      80.0      40.0       0.0      40.0     480.0     440.0     400.0     360.0     320.0     280.0     400.0     440.0     480.0     440.0     400.0     360.0     320.0     280.0

     760.0     720.0     680.0     640.0     600.0     560.0     520.0     480.0     440.0     400.0     360.0     320.0     280.0     320.0     360.0     400.0     440.0     760.0     800.0     760.0     720.0     680.0     640.0     600.0     560.0     760.0     720.0     680.0     640.0     600.0     560.0     600.0     560.0     520.0     480.0     440.0     400.0     600.0     560.0     520.0     480.0     440.0     400.0     440.0     400.0     360.0     320.0     280.0     240.0     440.0     400.0     360.0     320.0     280.0     240.0     200.0     160.0     120.0      80.0      40.0       0.0     200.0     160.0     120.0      80.0      40.0       0.0     440.0     400.0     360.0     320.0     280.0     240.0     440.0     480.0     440.0     400.0     360.0     320.0     280.0     240.0

     560.0     520.0     480.0     440.0     400.0     360.0     320.0     280.0     240.0     200.0     160.0     120.0      80.0     120.0     160.0     200.0     240.0     560.0     600.0     640.0     680.0     720.0     760.0     800.0     760.0     640.0     680.0     720.0     760.0     800.0     760.0     480.0     520.0     560.0     600.0     640.0     600.0     480.0     520.0     560.0     600.0     640.0     600.0     320.0     360.0     400.0     440.0     480.0     440.0     320.0     360.0     400.0     440.0     480.0     440.0       0.0      40.0      80.0     120.0     160.0     200.0       0.0      40.0      80.0     120.0     160.0     200.0     320.0     360.0     400.0     440.0     480.0     440.0     240.0     280.0     320.0     360.0     400.0     440.0     480.0     440.0

     600.0     560.0     520.0     480.0     440.0     400.0     360.0     320.0     280.0     240.0     200.0     160.0     120.0     160.0     200.0     240.0     280.0     600.0     640.0     680.0     720.0     760.0     800.0     760.0     720.0     680.0     720.0     760.0     800.0     760.0     720.0     520.0     560.0     600.0     640.0     600.0     560.0     520.0     560.0     600.0     640.0     600.0     560.0     360.0     400.0     440.0     480.0     440.0     400.0     360.0     400.0     440.0     480.0     440.0     400.0      40.0       0.0      40.0      80.0     120.0     160.0      40.0       0.0      40.0      80.0     120.0     160.0     360.0     400.0     440.0     480.0     440.0     400.0     280.0     320.0     360.0     400.0     440.0     480.0     440.0     400.0

     640.0     600.0     560.0     520.0     480.0     440.0     400.0     360.0     320.0     280.0     240.0     200.0     160.0     200.0     240.0     280.0     320.0     640.0     680.0     720.0     760.0     800.0     760.0     720.0     680.0     720.0     760.0     800.0     760.0     720.0     680.0     560.0     600.0     640.0     600.0     560.0     520.0     560.0     600.0     640.0     600.0     560.0     520.0     400.0     440.0     480.0     440.0     400.0     360.0     400.0     440.0     480.0     440.0     400.0     360.0      80.0      40.0       0.0      40.0      80.0     120.0      80.0      40.0       0.0      40.0      80.0     120.0     400.0     440.0     480.0     440.0     400.0     360.0     320.0     360.0     400.0     440.0     480.0     440.0     400.0     360.0

     680.0     640.0     600.0     560.0     520.0     480.0     440.0     400.0     360.0     320.0     280.0     240.0     200.0     240.0     280.0     320.0     360.0     680.0     720.0     760.0     800.0     760.0     720.0     680.0     640.0     760.0     800.0     760.0     720.0     680.0     640.0     600.0     640.0     600.0     560.0     520.0     480.0     600.0     640.0     600.0     560.0     520.0     480.0     440.0     480.0     440.0     400.0     360.0     320.0     440.0     480.0     440.0     400.0     360.0     320.0     120.0      80.0      40.0       0.0      40.0      80.0     120.0      80.0      40.0       0.0      40.0      80.0     440.0     480.0     440.0     400.0     360.0     320.0     360.0     400.0     440.0     480.0     440.0     400.0     360.0     320.0

     720.0     680.0     640.0     600.0     560.0     520.0     480.0     440.0     400.0     360.0     320.0     280.0     240.0     280.0     320.0     360.0     400.0     720.0     760.0     800.0     760.0     720.0     680.0     640.0     600.0     800.0     760.0     720.0     680.0     640.0     600.0     640.0     600.0     560.0     520.0     480.0     440.0     640.0     600.0     560.0     520.0     480.0     440.0     480.0     440.0     400.0     360.0     320.0     280.0     480.0     440.0     400.0     360.0     320.0     280.0     160.0     120.0      80.0      40.0       0.0      40.0     160.0     120.0      80.0      40.0       0.0      40.0     480.0     440.0     400.0     360.0     320.0     280.0     400.0     440.0     480.0     440.0     400.0     360.0     320.0     280.0

     760.0     720.0     680.0     640.0     600.0     560.0     520.0     480.0     440.0     400.0     360.0     320.0     280.0     320.0     360.0     400.0     440.0     760.0     800.0     760.0     720.0     680.0     640.0     600.0     560.0     760.0     720.0     680.0     640.0     600.0     560.0     600.0     560.0     520.0     480.0     440.0     400.0     600.0     560.0     520.0     480.0     440.0     400.0     440.0     400.0     360.0     320.0     280.0     240.0     440.0     400.0     360.0     320.0     280.0     240.0     200.0     160.0     120.0      80.0      40.0       0.0     200.0     160.0     120.0      80.0      40.0       0.0     440.0     400.0     360.0     320.0     280.0     240.0     440.0     480.0     440.0     400.0     360.0     320.0     280.0     240.0

     720.0     680.0     640.0     600.0     560.0     520.0     480.0     440.0     400.0     360.0     320.0     280.0     240.0     200.0     160.0     120.0      80.0     720.0     760.0     800.0     840.0     880.0     920.0     960.0     920.0     800.0     840.0     880.0     920.0     960.0     920.0     640.0     680.0     720.0     760.0     800.0     760.0     640.0     680.0     720.0     760.0     800.0     760.0     480.0     520.0     560.0     600.0     640.0     600.0     480.0     520.0     560.0     600.0     640.0     600.0     320.0     360.0     400.0     440.0     480.0     440.0     320.0     360.0     400.0     440.0     480.0     440.0       0.0      40.0      80.0     120.0     160.0     200.0      80.0      40.0       0.0      40.0      80.0     120.0     160.0     200.0

     760.0     720.0     680.0     640.0     600.0     560.0     520.0     480.0     440.0     400.0     360.0     320.0     280.0     240.0     200.0     160.0     120.0     760.0     800.0     840.0     880.0     920.0     960.0     920.0     880.0     840.0     880.0     920.0     960.0     920.0     880.0     680.0     720.0     760.0     800.0     760.0     720.0     680.0     720.0     760.0     800.0     760.0     720.0     520.0     560.0     600.0     640.0     600.0     560.0     520.0     560.0     600.0     640.0     600.0     560.0     360.0     400.0     440.0     480.0     440.0     400.0     360.0     400.0     440.0     480.0     440.0     400.0      40.0       0.0      40.0      80.0     120.0     160.0     120.0      80.0      40.0       0.0      40.0      80.0     120.0     160.0

     800.0     760.0     720.0     680.0     640.0     600.0     560.0     520.0     480.0     440.0     400.0     360.0     320.0     280.0     240.0     200.0     160.0     800.0     840.0     880.0     920.0     960.0     920.0     880.0     840.0     880.0     920.0     960.0     920.0     880.0     840.0     720.0     760.0     800.0     760.0     720.0     680.0     720.0     760.0     800.0     760.0     720.0     680.0     560.0     600.0     640.0     600.0     560.0     520.0     560.0     600.0     640.0     600.0     560.0     520.0     400.0     440.0     480.0     440.0     400.0     360.0     400.0     440.0     480.0     440.0     400.0     360.0      80.0      40.0       0.0      40.0      80.0     120.0     160.0     120.0      80.0      40.0       0.0      40.0      80.0     120.0

     840.0     800.0     760.0     720.0     680.0     640.0     600.0     560.0     520.0     480.0     440.0     400.0     360.0     320.0     280.0     240.0     200.0     840.0     880.0     920.0     960.0     920.0     880.0     840.0     800.0     920.0     960.0     920.0     880.0     840.0     800.0     760.0     800.0     760.0     720.0     680.0     640.0     760.0     800.0     760.0     720.0     680.0     640.0     600.0     640.0     600.0     560.0     520.0     480.0     600.0     640.0     600.0     560.0     520.0     480.0     440.0     480.0     440.0     400.0     360.0     320.0     440.0     480.0     440.0     400.0     360.0     320.0     120.0      80.0      40.0       0.0      40.0      80.0     200.0     160.0     120.0      80.0      40.0       0.0      40.0      80.0

     880.0     840.0     800.0     760.0     720.0     680.0     640.0     600.0     560.0     520.0     480.0     440.0     400.0     360.0     320.0     280.0     240.0     880.0     920.0     960.0     920.0     880.0     840.0     800.0     760.0     960.0     920.0     880.0     840.0     800.0     760.0     800.0     760.0     720.0     680.0     640.0     600.0     800.0     760.0     720.0     680.0     640.0     600.0     640.0     600.0     560.0     520.0     480.0     440.0     640.0     600.0     560.0     520.0     480.0     440.0     480.0     440.0     400.0     360.0     320.0     280.0     480.0     440.0     400.0     360.0     320.0     280.0     160.0     120.0      80.0      40.0       0.0      40.0     240.0     200.0     160.0     120.0      80.0      40.0       0.0      40.0

     920.0     880.0     840.0     800.0     760.0     720.0     680.0     640.0     600.0     560.0     520.0     480.0     440.0     400.0     360.0     320.0     280.0     920.0     960.0     920.0     880.0     840.0     800.0     760.0     720.0     920.0     880.0     840.0     800.0     760.0     720.0     760.0     720.0     680.0     640.0     600.0     560.0     760.0     720.0     680.0     640.0     600.0     560.0     600.0     560.0     520.0     480.0     440.0     400.0     600.0     560.0     520.0     480.0     440.0     400.0     440.0     400.0     360.0     320.0     280.0     240.0     440.0     400.0     360.0     320.0     280.0     240.0     200.0     160.0     120.0      80.0      40.0       0.0     280.0     240.0     200.0     160.0     120.0      80.0      40.0       0.0

     640.0     600.0     560.0     520.0     480.0     440.0     400.0     360.0     320.0     280.0     240.0     200.0     160.0     120.0      80.0      40.0       0.0     640.0     680.0     720.0     760.0     800.0     840.0     880.0     920.0     720.0     760.0     800.0     840.0     880.0     920.0     560.0     600.0     640.0     680.0     720.0     760.0     560.0     600.0     640.0     680.0     720.0     760.0     400.0     440.0     480.0     520.0     560.0     600.0     400.0     440.0     480.0     520.0     560.0     600.0     240.0     280.0     320.0     360.0     400.0     440.0     240.0     280.0     320.0     360.0     400.0     440.0      80.0     120.0     160.0     200.0     240.0     280.0       0.0      40.0      80.0     120.0     160.0     200.0     240.0     280.0

     680.0     640.0     600.0     560.0     520.0     480.0     440.0     400.0     360.0     320.0     280.0     240.0     200.0     160.0     120.0      80.0      40.0     680.0     720.0     760.0     800.0     840.0     880.0     920.0     960.0     760.0     800.0     840.0     880.0     920.0     960.0     600.0     640.0     680.0     720.0     760.0     800.0     600.0     640.0     680.0     720.0     760.0     800.0     440.0     480.0     520.0     560.0     600.0     640.0     440.0     480.0     520.0     560.0     600.0     640.0     280.0     320.0     360.0     400.0     440.0     480.0     280.0     320.0     360.0     400.0     440.0     480.0      40.0      80.0     120.0     160.0     200.0     240.0      40.0       0.0      40.0      80.0     120.0     160.0     200.0     240.0

     720.0     680.0     640.0     600.0     560.0     520.0     480.0     440.0     400.0     360.0     320.0     280.0     240.0     200.0     160.0     120.0      80.0     720.0     760.0     800.0     840.0     880.0     920.0     960.0     920.0     800.0     840.0     880.0     920.0     960.0     920.0     640.0     680.0     720.0     760.0     800.0     760.0     640.0     680.0     720.0     760.0     800.0     760.0     480.0     520.0     560.0     600.0     640.0     600.0     480.0     520.0     560.0     600.0     640.0     600.0     320.0     360.0     400.0     440.0     480.0     440.0     320.0     360.0     400.0     440.0     480.0     440.0       0.0      40.0      80.0     120.0     160.0     200.0      80.0      40.0       0.0      40.0      80.0     120.0     160.0     200.0

     760.0     720.0     680.0     640.0     600.0     560.0     520.0     480.0     440.0     400.0     360.0     320.0     280.0     240.0     200.0     160.0     120.0     760.0     800.0     840.0     880.0     920.0     960.0     920.0     880.0     840.0     880.0     920.0     960.0     920.0     880.0     680.0     720.0     760.0     800.0     760.0     720.0     680.0     720.0     760.0     800.0     760.0     720.0     520.0     560.0     600.0     640.0     600.0     560.0     520.0     560.0     600.0     640.0     600.0     560.0     360.0     400.0     440.0     480.0     440.0     400.0     360.0     400.0     440.0     480.0     440.0     400.0      40.0       0.0      40.0      80.0     120.0     160.0     120.0      80.0      40.0       0.0      40.0      80.0     120.0     160.0

     800.0     760.0     720.0     680.0     640.0     600.0     560.0     520.0     480.0     440.0     400.0     360.0     320.0     280.0     240.0     200.0     160.0     800.0     840.0     880.0     920.0     960.0     920.0     880.0     840.0     880.0     920.0     960.0     920.0     880.0     840.0     720.0     760.0     800.0     760.0     720.0     680.0     720.0     760.0     800.0     760.0     720.0     680.0     560.0     600.0     640.0     600.0     560.0     520.0     560.0     600.0     640.0     600.0     560.0     520.0     400.0     440.0     480.0     440.0     400.0     360.0     400.0     440.0     480.0     440.0     400.0     360.0      80.0      40.0       0.0      40.0      80.0     120.0     160.0     120.0      80.0      40.0       0.0      40.0      80.0     120.0

     840.0     800.0     760.0     720.0     680.0     640.0     600.0     560.0     520.0     480.0     440.0     400.0     360.0     320.0     280.0     240.0     200.0     840.0     880.0     920.0     960.0     920.0     880.0     840.0     800.0     920.0     960.0     920.0     880.0     840.0     800.0     760.0     800.0     760.0     720.0     680.0     640.0     760.0     800.0     760.0     720.0     680.0     640.0     600.0     640.0     600.0     560.0     520.0     480.0     600.0     640.0     600.0     560.0     520.0     480.0     440.0     480.0     440.0     400.0     360.0     320.0     440.0     480.0     440.0     400.0     360.0     320.0     120.0      80.0      40.0       0.0      40.0      80.0     200.0     160.0     120.0      80.0      40.0       0.0      40.0      80.0

     880.0     840.0     800.0     760.0     720.0     680.0     640.0     600.0     560.0     520.0     480.0     440.0     400.0     360.0     320.0     280.0     240.0     880.0     920.0     960.0     920.0     880.0     840.0     800.0     760.0     960.0     920.0     880.0     840.0     800.0     760.0     800.0     760.0     720.0     680.0     640.0     600.0     800.0     760.0     720.0     680.0     640.0     600.0     640.0     600.0     560.0     520.0     480.0     440.0     640.0     600.0     560.0     520.0     480.0     440.0     480.0     440.0     400.0     360.0     320.0     280.0     480.0     440.0     400.0     360.0     320.0     280.0     160.0     120.0      80.0      40.0       0.0      40.0     240.0     200.0     160.0     120.0      80.0      40.0       0.0      40.0

     920.0     880.0     840.0     800.0     760.0     720.0     680.0     640.0     600.0     560.0     520.0     480.0     440.0     400.0     360.0     320.0     280.0     920.0     960.0     920.0     880.0     840.0     800.0     760.0     720.0     920.0     880.0     840.0     800.0     760.0     720.0     760.0     720.0     680.0     640.0     600.0     560.0     760.0     720.0     680.0     640.0     600.0     560.0     600.0     560.0     520.0     480.0     440.0     400.0     600.0     560.0     520.0     480.0     440.0     400.0     440.0     400.0     360.0     320.0     280.0     240.0     440.0     400.0     360.0     320.0     280.0     240.0     200.0     160.0     120.0      80.0      40.0       0.0     280.0     240.0     200.0     160.0     120.0      80.0      40.0       0.0

