       0.0      40.0      80.0     120.0     160.0     200.0     240.0     280.0     320.0     360.0     400.0     440.0     480.0     520.0     560.0     600.0     640.0     320.0     360.0     400.0     440.0     480.0     520.0     560.0     600.0     640.0     680.0     720.0     760.0     800.0     840.0     880.0     920.0     960.0      40.0      80.0     120.0     160.0     200.0     240.0     280.0     320.0     360.0     400.0     440.0     480.0     520.0     560.0     600.0     640.0     680.0     720.0     760.0     800.0     200.0     240.0     280.0     360.0     400.0     440.0     520.0     560.0     600.0     680.0     720.0     760.0     840.0     880.0     920.0    1000.0     360.0

      40.0       0.0      40.0      80.0     120.0     160.0     200.0     240.0     280.0     320.0     360.0     400.0     440.0     480.0     520.0     560.0     600.0     360.0     400.0     440.0     480.0     440.0     480.0     520.0     560.0     600.0     640.0     680.0     720.0     760.0     800.0     840.0     880.0     920.0      80.0     120.0     160.0     200.0     160.0     200.0     240.0     280.0     320.0     360.0     400.0     440.0     480.0     520.0     560.0     600.0     640.0     680.0     720.0     760.0     240.0     280.0     320.0     320.0     360.0     400.0     480.0     520.0     560.0     640.0     680.0     720.0     800.0     840.0     880.0     960.0     400.0

      80.0      40.0       0.0      40.0      80.0     120.0     160.0     200.0     240.0     280.0     320.0     360.0     400.0     440.0     480.0     520.0     560.0     400.0     440.0     480.0     440.0     400.0     440.0     480.0     520.0     560.0     600.0     640.0     680.0     720.0     760.0     800.0     840.0     880.0     120.0     160.0     200.0     240.0     120.0     160.0     200.0     240.0     280.0     320.0     360.0     400.0     440.0     480.0     520.0     560.0     600.0     640.0     680.0     720.0     280.0     320.0     360.0     280.0     320.0     360.0     440.0     480.0     520.0     600.0     640.0     680.0     760.0     800.0     840.0     920.0     440.0

     120.0      80.0      40.0       0.0      40.0      80.0     120.0     160.0     200.0     240.0     280.0     320.0     360.0     400.0     440.0     480.0     520.0     440.0     480.0     440.0     400.0     360.0     400.0     440.0     480.0     520.0     560.0     600.0     640.0     680.0     720.0     760.0     800.0     840.0     160.0     200.0     240.0     280.0      80.0     120.0     160.0     200.0     240.0     280.0     320.0     360.0     400.0     440.0     480.0     520.0     560.0     600.0     640.0     680.0     320.0     360.0     400.0     240.0     280.0     320.0     400.0     440.0     480.0     560.0     600.0     640.0     720.0     760.0     800.0     880.0     480.0

     160.0     120.0      80.0      40.0       0.0      40.0      80.0     120.0     160.0     200.0     240.0     280.0     320.0     360.0     400.0     440.0     480.0     480.0     440.0     400.0     360.0     320.0     360.0     400.0     440.0     480.0     520.0     560.0     600.0     640.0     680.0     720.0     760.0     800.0     200.0     240.0     280.0     320.0      40.0      80.0     120.0     160.0     200.0     240.0     280.0     320.0     360.0     400.0     440.0     480.0     520.0     560.0     600.0     640.0     360.0     400.0     440.0     200.0     240.0     280.0     360.0     400.0     440.0     520.0     560.0     600.0     680.0     720.0     760.0     840.0     520.0

     200.0     160.0     120.0      80.0      40.0       0.0      40.0      80.0     120.0     160.0     200.0     240.0     280.0     320.0     360.0     400.0     440.0     520.0     480.0     440.0     400.0     360.0     400.0     440.0     480.0     440.0     480.0     520.0     560.0     600.0     640.0     680.0     720.0     760.0     240.0     280.0     320.0     360.0      80.0     120.0     160.0     200.0     160.0     200.0     240.0     280.0     320.0     360.0     400.0     440.0     480.0     520.0     560.0     600.0     400.0     440.0     480.0     240.0     280.0     320.0     320.0     360.0     400.0     480.0     520.0     560.0     640.0     680.0     720.0     800.0     560.0

     240.0     200.0     160.0     120.0      80.0      40.0       0.0      40.0      80.0     120.0     160.0     200.0     240.0     280.0     320.0     360.0     400.0     560.0     520.0     480.0     440.0     400.0     440.0     480.0     440.0     400.0     440.0     480.0     520.0     560.0     600.0     640.0     680.0     720.0     280.0     320.0     360.0     400.0     120.0     160.0     200.0     240.0     120.0     160.0     200.0     240.0     280.0     320.0     360.0     400.0     440.0     480.0     520.0     560.0     440.0     480.0     520.0     280.0     320.0     360.0     280.0     320.0     360.0     440.0     480.0     520.0     600.0     640.0     680.0     760.0     600.0

     280.0     240.0     200.0     160.0     120.0      80.0      40.0       0.0      40.0      80.0     120.0     160.0     200.0     240.0     280.0     320.0     360.0     600.0     560.0     520.0     480.0     440.0     480.0     440.0     400.0     360.0     400.0     440.0     480.0     520.0     560.0     600.0     640.0     680.0     320.0     360.0     400.0     440.0     160.0     200.0     240.0     280.0      80.0     120.0     160.0     200.0     240.0     280.0     320.0     360.0     400.0     440.0     480.0     520.0     480.0     520.0     560.0     320.0     360.0     400.0     240.0     280.0     320.0     400.0     440.0     480.0     560.0     600.0     640.0     720.0     640.0

     320.0     280.0     240.0     200.0     160.0     120.0      80.0      40.0       0.0      40.0      80.0     120.0     160.0     200.0     240.0     280.0     320.0     640.0     600.0     560.0     520.0     480.0     440.0     400.0     360.0     320.0     360.0     400.0     440.0     480.0     520.0     560.0     600.0     640.0     360.0     400.0     440.0     480.0     200.0     240.0     280.0     320.0      40.0      80.0     120.0     160.0     200.0     240.0     280.0     320.0     360.0     400.0     440.0     480.0     520.0     560.0     600.0     360.0     400.0     440.0     200.0     240.0     280.0     360.0     400.0     440.0     520.0     560.0     600.0     680.0     680.0

     360.0     320.0     280.0     240.0     200.0     160.0     120.0      80.0      40.0       0.0      40.0      80.0     120.0     160.0     200.0     240.0     280.0     680.0     640.0     600.0     560.0     520.0     480.0     440.0     400.0     360.0     400.0     440.0     480.0     440.0     480.0     520.0     560.0     600.0     400.0     440.0     480.0     520.0     240.0     280.0     320.0     360.0      80.0     120.0     160.0     200.0     160.0     200.0     240.0     280.0     320.0     360.0     400.0     440.0     560.0     600.0     640.0     400.0     440.0     480.0     240.0     280.0     320.0     320.0     360.0     400.0     480.0     520.0     560.0     640.0     720.0

     400.0     360.0     320.0     280.0     240.0     200.0     160.0     120.0      80.0      40.0       0.0      40.0      80.0     120.0     160.0     200.0     240.0     720.0     680.0     640.0     600.0     560.0     520.0     480.0     440.0     400.0     440.0     480.0     440.0     400.0     440.0     480.0     520.0     560.0     440.0     480.0     520.0     560.0     280.0     320.0     360.0     400.0     120.0     160.0     200.0     240.0     120.0     160.0     200.0     240.0     280.0     320.0     360.0     400.0     600.0     640.0     680.0     440.0     480.0     520.0     280.0     320.0     360.0     280.0     320.0     360.0     440.0     480.0     520.0     600.0     760.0

     440.0     400.0     360.0     320.0     280.0     240.0     200.0     160.0     120.0      80.0      40.0       0.0      40.0      80.0     120.0     160.0     200.0     760.0     720.0     680.0     640.0     600.0     560.0     520.0     480.0     440.0     480.0     440.0     400.0     360.0     400.0     440.0     480.0     520.0     480.0     520.0     560.0     600.0     320.0     360.0     400.0     440.0     160.0     200.0     240.0     280.0      80.0     120.0     160.0     200.0     240.0     280.0     320.0     360.0     640.0     680.0     720.0     480.0     520.0     560.0     320.0     360.0     400.0     240.0     280.0     320.0     400.0     440.0     480.0     560.0     800.0

     480.0     440.0     400.0     360.0     320.0     280.0     240.0     200.0     160.0     120.0      80.0      40.0       0.0      40.0      80.0     120.0     160.0     800.0     760.0     720.0     680.0     640.0     600.0     560.0     520.0     480.0     440.0     400.0     360.0     320.0     360.0     400.0     440.0     480.0     520.0     560.0     600.0     640.0     360.0     400.0     440.0     480.0     200.0     240.0     280.0     320.0      40.0      80.0     120.0     160.0     200.0     240.0     280.0     320.0     680.0     720.0     760.0     520.0     560.0     600.0     360.0     400.0     440.0     200.0     240.0     280.0     360.0     400.0     440.0     520.0     840.0

     520.0     480.0     440.0     400.0     360.0     320.0     280.0     240.0     200.0     160.0     120.0      80.0      40.0       0.0      40.0      80.0     120.0     840.0     800.0     760.0     720.0     680.0     640.0     600.0     560.0     520.0     480.0     440.0     400.0     360.0     400.0     440.0     480.0     440.0     560.0     600.0     640.0     680.0     400.0     440.0     480.0     520.0     240.0     280.0     320.0     360.0      80.0     120.0     160.0     200.0     160.0     200.0     240.0     280.0     720.0     760.0     800.0     560.0     600.0     640.0     400.0     440.0     480.0     240.0     280.0     320.0     320.0     360.0     400.0     480.0     880.0

     560.0     520.0     480.0     440.0     400.0     360.0     320.0     280.0     240.0     200.0     160.0     120.0      80.0      40.0       0.0      40.0      80.0     880.0     840.0     800.0     760.0     720.0     680.0     640.0     600.0     560.0     520.0     480.0     440.0     400.0     440.0     480.0     440.0     400.0     600.0     640.0     680.0     720.0     440.0     480.0     520.0     560.0     280.0     320.0     360.0     400.0     120.0     160.0     200.0     240.0     120.0     160.0     200.0     240.0     760.0     800.0     840.0     600.0     640.0     680.0     440.0     480.0     520.0     280.0     320.0     360.0     280.0     320.0     360.0     440.0     920.0

     600.0     560.0     520.0     480.0     440.0     400.0     360.0     320.0     280.0     240.0     200.0     160.0     120.0      80.0      40.0       0.0      40.0     920.0     880.0     840.0     800.0     760.0     720.0     680.0     640.0     600.0     560.0     520.0     480.0     440.0     480.0     440.0     400.0     360.0     640.0     680.0     720.0     760.0     480.0     520.0     560.0     600.0     320.0     360.0     400.0     440.0     160.0     200.0     240.0     280.0      80.0     120.0     160.0     200.0     800.0     840.0     880.0     640.0     680.0     720.0     480.0     520.0     560.0     320.0     360.0     400.0     240.0     280.0     320.0     400.0     960.0

     640.0     600.0     560.0     520.0     480.0     440.0     400.0     360.0     320.0     280.0     240.0     200.0     160.0     120.0      80.0      40.0       0.0     960.0     920.0     880.0     840.0     800.0     760.0     720.0     680.0     640.0     600.0     560.0     520.0     480.0     440.0     400.0     360.0     320.0     680.0     720.0     760.0     800.0     520.0     560.0     600.0     640.0     360.0     400.0     440.0     480.0     200.0     240.0     280.0     320.0      40.0      80.0     120.0     160.0     840.0     880.0     920.0     680.0     720.0     760.0     520.0     560.0     600.0     360.0     400.0     440.0     200.0     240.0     280.0     360.0    1000.0

     320.0     360.0     400.0     440.0     480.0     520.0     560.0     600.0     640.0     680.0     720.0     760.0     800.0     840.0     880.0     920.0     960.0       0.0      40.0      80.0     120.0     160.0     200.0     240.0     280.0     320.0     360.0     400.0     440.0     480.0     520.0     560.0     600.0     640.0     280.0     240.0     200.0     160.0     440.0     400.0     360.0     320.0     600.0     560.0     520.0     480.0     760.0     720.0     680.0     640.0     920.0     880.0     840.0     800.0     120.0      80.0      40.0     280.0     240.0     200.0     440.0     400.0     360.0     600.0     560.0     520.0     760.0     720.0     680.0     680.0      40.0

     360.0     400.0     440.0     480.0     440.0     480.0     520.0     560.0     600.0     640.0     680.0     720.0     760.0     800.0     840.0     880.0     920.0      40.0       0.0      40.0      80.0     120.0     160.0     200.0     240.0     280.0     320.0     360.0     400.0     440.0     480.0     520.0     560.0     600.0     320.0     280.0     240.0     200.0     400.0     360.0     320.0     280.0     560.0     520.0     480.0     440.0     720.0     680.0     640.0     600.0     880.0     840.0     800.0     760.0     160.0     120.0      80.0     240.0     200.0     160.0     400.0     360.0     320.0     560.0     520.0     480.0     720.0     680.0     640.0     640.0      80.0

     400.0     440.0     480.0     440.0     400.0     440.0     480.0     520.0     560.0     600.0     640.0     680.0     720.0     760.0     800.0     840.0     880.0      80.0      40.0       0.0      40.0      80.0     120.0     160.0     200.0     240.0     280.0     320.0     360.0     400.0     440.0     480.0     520.0     560.0     360.0     320.0     280.0     240.0     360.0     320.0     280.0     240.0     520.0     480.0     440.0     400.0     680.0     640.0     600.0     560.0     840.0     800.0     760.0     720.0     200.0     160.0     120.0     200.0     160.0     120.0     360.0     320.0     280.0     520.0     480.0     440.0     680.0     640.0     600.0     600.0     120.0

     440.0     480.0     440.0     400.0     360.0     400.0     440.0     480.0     520.0     560.0     600.0     640.0     680.0     720.0     760.0     800.0     840.0     120.0      80.0      40.0       0.0      40.0      80.0     120.0     160.0     200.0     240.0     280.0     320.0     360.0     400.0     440.0     480.0     520.0     400.0     360.0     320.0     280.0     320.0     280.0     240.0     200.0     480.0     440.0     400.0     360.0     640.0     600.0     560.0     520.0     800.0     760.0     720.0     680.0     240.0     200.0     160.0     160.0     120.0      80.0     320.0     280.0     240.0     480.0     440.0     400.0     640.0     600.0     560.0     560.0     160.0

     480.0     440.0     400.0     360.0     320.0     360.0     400.0     440.0     480.0     520.0     560.0     600.0     640.0     680.0     720.0     760.0     800.0     160.0     120.0      80.0      40.0       0.0      40.0      80.0     120.0     160.0     200.0     240.0     280.0     320.0     360.0     400.0     440.0     480.0     440.0     400.0     360.0     320.0     280.0     240.0     200.0     160.0     440.0     400.0     360.0     320.0     600.0     560.0     520.0     480.0     760.0     720.0     680.0     640.0     280.0     240.0     200.0     120.0      80.0      40.0     280.0     240.0     200.0     440.0     400.0     360.0     600.0     560.0     520.0     520.0     200.0

     520.0     480.0     440.0     400.0     360.0     400.0     440.0     480.0     440.0     480.0     520.0     560.0     600.0     640.0     680.0     720.0     760.0     200.0     160.0     120.0      80.0      40.0       0.0      40.0      80.0     120.0     160.0     200.0     240.0     280.0     320.0     360.0     400.0     440.0     480.0     440.0     400.0     360.0     320.0     280.0     240.0     200.0     400.0     360.0     320.0     280.0     560.0     520.0     480.0     440.0     720.0     680.0     640.0     600.0     320.0     280.0     240.0     160.0     120.0      80.0     240.0     200.0     160.0     400.0     360.0     320.0     560.0     520.0     480.0     480.0     240.0

     560.0     520.0     480.0     440.0     400.0     440.0     480.0     440.0     400.0     440.0     480.0     520.0     560.0     600.0     640.0     680.0     720.0     240.0     200.0     160.0     120.0      80.0      40.0       0.0      40.0      80.0     120.0     160.0     200.0     240.0     280.0     320.0     360.0     400.0     520.0     480.0     440.0     400.0     360.0     320.0     280.0     240.0     360.0     320.0     280.0     240.0     520.0     480.0     440.0     400.0     680.0     640.0     600.0     560.0     360.0     320.0     280.0     200.0     160.0     120.0     200.0     160.0     120.0     360.0     320.0     280.0     520.0     480.0     440.0     440.0     280.0

     600.0     560.0     520.0     480.0     440.0     480.0     440.0     400.0     360.0     400.0     440.0     480.0     520.0     560.0     600.0     640.0     680.0     280.0     240.0     200.0     160.0     120.0      80.0      40.0       0.0      40.0      80.0     120.0     160.0     200.0     240.0     280.0     320.0     360.0     560.0     520.0     480.0     440.0     400.0     360.0     320.0     280.0     320.0     280.0     240.0     200.0     480.0     440.0     400.0     360.0     640.0     600.0     560.0     520.0     400.0     360.0     320.0     240.0     200.0     160.0     160.0     120.0      80.0     320.0     280.0     240.0     480.0     440.0     400.0     400.0     320.0

     640.0     600.0     560.0     520.0     480.0     440.0     400.0     360.0     320.0     360.0     400.0     440.0     480.0     520.0     560.0     600.0     640.0     320.0     280.0     240.0     200.0     160.0     120.0      80.0      40.0       0.0      40.0      80.0     120.0     160.0     200.0     240.0     280.0     320.0     600.0     560.0     520.0     480.0     440.0     400.0     360.0     320.0     280.0     240.0     200.0     160.0     440.0     400.0     360.0     320.0     600.0     560.0     520.0     480.0     440.0     400.0     360.0     280.0     240.0     200.0     120.0      80.0      40.0     280.0     240.0     200.0     440.0     400.0     360.0     360.0     360.0

     680.0     640.0     600.0     560.0     520.0     480.0     440.0     400.0     360.0     400.0     440.0     480.0     440.0     480.0     520.0     560.0     600.0     360.0     320.0     280.0     240.0     200.0     160.0     120.0      80.0      40.0       0.0      40.0      80.0     120.0     160.0     200.0     240.0     280.0     640.0     600.0     560.0     520.0     480.0     440.0     400.0     360.0     320.0     280.0     240.0     200.0     400.0     360.0     320.0     280.0     560.0     520.0     480.0     440.0     480.0     440.0     400.0     320.0     280.0     240.0     160.0     120.0      80.0     240.0     200.0     160.0     400.0     360.0     320.0     320.0     400.0

     720.0     680.0     640.0     600.0     560.0     520.0     480.0     440.0     400.0     440.0     480.0     440.0     400.0     440.0     480.0     520.0     560.0     400.0     360.0     320.0     280.0     240.0     200.0     160.0     120.0      80.0      40.0       0.0      40.0      80.0     120.0     160.0     200.0     240.0     680.0     640.0     600.0     560.0     520.0     480.0     440.0     400.0     360.0     320.0     280.0     240.0     360.0     320.0     280.0     240.0     520.0     480.0     440.0     400.0     520.0     480.0     440.0     360.0     320.0     280.0     200.0     160.0     120.0     200.0     160.0     120.0     360.0     320.0     280.0     280.0     440.0

     760.0     720.0     680.0     640.0     600.0     560.0     520.0     480.0     440.0     480.0     440.0     400.0     360.0     400.0     440.0     480.0     520.0     440.0     400.0     360.0     320.0     280.0     240.0     200.0     160.0     120.0      80.0      40.0       0.0      40.0      80.0     120.0     160.0     200.0     720.0     680.0     640.0     600.0     560.0     520.0     480.0     440.0     400.0     360.0     320.0     280.0     320.0     280.0     240.0     200.0     480.0     440.0     400.0     360.0     560.0     520.0     480.0     400.0     360.0     320.0     240.0     200.0     160.0     160.0     120.0      80.0     320.0     280.0     240.0     240.0     480.0

     800.0     760.0     720.0     680.0     640.0     600.0     560.0     520.0     480.0     440.0     400.0     360.0     320.0     360.0     400.0     440.0     480.0     480.0     440.0     400.0     360.0     320.0     280.0     240.0     200.0     160.0     120.0      80.0      40.0       0.0      40.0      80.0     120.0     160.0     760.0     720.0     680.0     640.0     600.0     560.0     520.0     480.0     440.0     400.0     360.0     320.0     280.0     240.0     200.0     160.0     440.0     400.0     360.0     320.0     600.0     560.0     520.0     440.0     400.0     360.0     280.0     240.0     200.0     120.0      80.0      40.0     280.0     240.0     200.0     200.0     520.0

     840.0     800.0     760.0     720.0     680.0     640.0     600.0     560.0     520.0     480.0     440.0     400.0     360.0     400.0     440.0     480.0     440.0     520.0     480.0     440.0     400.0     360.0     320.0     280.0     240.0     200.0     160.0     120.0      80.0      40.0       0.0      40.0      80.0     120.0     800.0     760.0     720.0     680.0     640.0     600.0     560.0     520.0     480.0     440.0     400.0     360.0     320.0     280.0     240.0     200.0     400.0     360.0     320.0     280.0     640.0     600.0     560.0     480.0     440.0     400.0     320.0     280.0     240.0     160.0     120.0      80.0     240.0     200.0     160.0     160.0     560.0

     880.0     840.0     800.0     760.0     720.0     680.0     640.0     600.0     560.0     520.0     480.0     440.0     400.0     440.0     480.0     440.0     400.0     560.0     520.0     480.0     440.0     400.0     360.0     320.0     280.0     240.0     200.0     160.0     120.0      80.0      40.0       0.0      40.0      80.0     840.0     800.0     760.0     720.0     680.0     640.0     600.0     560.0     520.0     480.0     440.0     400.0     360.0     320.0     280.0     240.0     360.0     320.0     280.0     240.0     680.0     640.0     600.0     520.0     480.0     440.0     360.0     320.0     280.0     200.0     160.0     120.0     200.0     160.0     120.0     120.0     600.0

     920.0     880.0     840.0     800.0     760.0     720.0     680.0     640.0     600.0     560.0     520.0     480.0     440.0     480.0     440.0     400.0     360.0     600.0     560.0     520.0     480.0     440.0     400.0     360.0     320.0     280.0     240.0     200.0     160.0     120.0      80.0      40.0       0.0      40.0     880.0     840.0     800.0     760.0     720.0     680.0     640.0     600.0     560.0     520.0     480.0     440.0     400.0     360.0     320.0     280.0     320.0     280.0     240.0     200.0     720.0     680.0     640.0     560.0     520.0     480.0     400.0     360.0     320.0     240.0     200.0     160.0     160.0     120.0      80.0      80.0     640.0

     960.0     920.0     880.0     840.0     800.0     760.0     720.0     680.0     640.0     600.0     560.0     520.0     480.0     440.0     400.0     360.0     320.0     640.0     600.0     560.0     520.0     480.0     440.0     400.0     360.0     320.0     280.0     240.0     200.0     160.0     120.0      80.0      40.0       0.0     920.0     880.0     840.0     800.0     760.0     720.0     680.0     640.0     600.0     560.0     520.0     480.0     440.0     400.0     360.0     320.0     280.0     240.0     200.0     160.0     760.0     720.0     680.0     600.0     560.0     520.0     440.0     400.0     360.0     280.0     240.0     200.0     120.0      80.0      40.0      40.0     680.0

      40.0      80.0     120.0     160.0     200.0     240.0     280.0     320.0     360.0     400.0     440.0     480.0     520.0     560.0     600.0     640.0     680.0     280.0     320.0     360.0     400.0     440.0     480.0     520.0     560.0     600.0     640.0     680.0     720.0     760.0     800.0     840.0     880.0     920.0       0.0      40.0      80.0     120.0     240.0     280.0     320.0     360.0     400.0     440.0     480.0     520.0     560.0     600.0     640.0     680.0     720.0     760.0     800.0     840.0     160.0     200.0     240.0     400.0     440.0     480.0     560.0     600.0     640.0     720.0     760.0     800.0     880.0     920.0     960.0     960.0     320.0

      80.0     120.0     160.0     200.0     240.0     280.0     320.0     360.0     400.0     440.0     480.0     520.0     560.0     600.0     640.0     680.0     720.0     240.0     280.0     320.0     360.0     400.0     440.0     480.0     520.0     560.0     600.0     640.0     680.0     720.0     760.0     800.0     840.0     880.0      40.0       0.0      40.0      80.0     280.0     320.0     360.0     400.0     440.0     480.0     520.0     560.0     600.0     640.0     680.0     720.0     760.0     800.0     840.0     880.0     120.0     160.0     200.0     440.0     480.0     440.0     600.0     640.0     600.0     760.0     800.0     760.0     920.0     960.0     920.0     920.0     280.0

     120.0     160.0     200.0     240.0     280.0     320.0     360.0     400.0     440.0     480.0     520.0     560.0     600.0     640.0     680.0     720.0     760.0     200.0     240.0     280.0     320.0     360.0     400.0     440.0     480.0     520.0     560.0     600.0     640.0     680.0     720.0     760.0     800.0     840.0      80.0      40.0       0.0      40.0     320.0     360.0     400.0     440.0     480.0     520.0     560.0     600.0     640.0     680.0     720.0     760.0     800.0     840.0     880.0     920.0      80.0     120.0     160.0     480.0     440.0     400.0     640.0     600.0     560.0     800.0     760.0     720.0     960.0     920.0     880.0     880.0     240.0

     160.0     200.0     240.0     280.0     320.0     360.0     400.0     440.0     480.0     520.0     560.0     600.0     640.0     680.0     720.0     760.0     800.0     160.0     200.0     240.0     280.0     320.0     360.0     400.0     440.0     480.0     520.0     560.0     600.0     640.0     680.0     720.0     760.0     800.0     120.0      80.0      40.0       0.0     360.0     400.0     440.0     480.0     520.0     560.0     600.0     640.0     680.0     720.0     760.0     800.0     840.0     880.0     920.0     960.0      40.0      80.0     120.0     440.0     400.0     360.0     600.0     560.0     520.0     760.0     720.0     680.0     920.0     880.0     840.0     840.0     200.0

     200.0     160.0     120.0      80.0      40.0      80.0     120.0     160.0     200.0     240.0     280.0     320.0     360.0     400.0     440.0     480.0     520.0     440.0     400.0     360.0     320.0     280.0     320.0     360.0     400.0     440.0     480.0     520.0     560.0     600.0     640.0     680.0     720.0     760.0     240.0     280.0     320.0     360.0       0.0      40.0      80.0     120.0     240.0     280.0     320.0     360.0     400.0     440.0     480.0     520.0     560.0     600.0     640.0     680.0     400.0     440.0     480.0     160.0     200.0     240.0     400.0     440.0     480.0     560.0     600.0     640.0     720.0     760.0     800.0     800.0     480.0

     240.0     200.0     160.0     120.0      80.0     120.0     160.0     200.0     240.0     280.0     320.0     360.0     400.0     440.0     480.0     520.0     560.0     400.0     360.0     320.0     280.0     240.0     280.0     320.0     360.0     400.0     440.0     480.0     520.0     560.0     600.0     640.0     680.0     720.0     280.0     320.0     360.0     400.0      40.0       0.0      40.0      80.0     280.0     320.0     360.0     400.0     440.0     480.0     520.0     560.0     600.0     640.0     680.0     720.0     440.0     480.0     440.0     120.0     160.0     200.0     440.0     480.0     440.0     600.0     640.0     600.0     760.0     800.0     760.0     760.0     440.0

     280.0     240.0     200.0     160.0     120.0     160.0     200.0     240.0     280.0     320.0     360.0     400.0     440.0     480.0     520.0     560.0     600.0     360.0     320.0     280.0     240.0     200.0     240.0     280.0     320.0     360.0     400.0     440.0     480.0     520.0     560.0     600.0     640.0     680.0     320.0     360.0     400.0     440.0      80.0      40.0       0.0      40.0     320.0     360.0     400.0     440.0     480.0     520.0     560.0     600.0     640.0     680.0     720.0     760.0     480.0     440.0     400.0      80.0     120.0     160.0     480.0     440.0     400.0     640.0     600.0     560.0     800.0     760.0     720.0     720.0     400.0

     320.0     280.0     240.0     200.0     160.0     200.0     240.0     280.0     320.0     360.0     400.0     440.0     480.0     520.0     560.0     600.0     640.0     320.0     280.0     240.0     200.0     160.0     200.0     240.0     280.0     320.0     360.0     400.0     440.0     480.0     520.0     560.0     600.0     640.0     360.0     400.0     440.0     480.0     120.0      80.0      40.0       0.0     360.0     400.0     440.0     480.0     520.0     560.0     600.0     640.0     680.0     720.0     760.0     800.0     440.0     400.0     360.0      40.0      80.0     120.0     440.0     400.0     360.0     600.0     560.0     520.0     760.0     720.0     680.0     680.0     360.0

     360.0     320.0     280.0     240.0     200.0     160.0     120.0      80.0      40.0      80.0     120.0     160.0     200.0     240.0     280.0     320.0     360.0     600.0     560.0     520.0     480.0     440.0     400.0     360.0     320.0     280.0     320.0     360.0     400.0     440.0     480.0     520.0     560.0     600.0     400.0     440.0     480.0     520.0     240.0     280.0     320.0     360.0       0.0      40.0      80.0     120.0     240.0     280.0     320.0     360.0     400.0     440.0     480.0     520.0     560.0     600.0     640.0     400.0     440.0     480.0     160.0     200.0     240.0     400.0     440.0     480.0     560.0     600.0     640.0     640.0     640.0

     400.0     360.0     320.0     280.0     240.0     200.0     160.0     120.0      80.0     120.0     160.0     200.0     240.0     280.0     320.0     360.0     400.0     560.0     520.0     480.0     440.0     400.0     360.0     320.0     280.0     240.0     280.0     320.0     360.0     400.0     440.0     480.0     520.0     560.0     440.0     480.0     520.0     560.0     280.0     320.0     360.0     400.0      40.0       0.0      40.0      80.0     280.0     320.0     360.0     400.0     440.0     480.0     520.0     560.0     600.0     640.0     600.0     440.0     480.0     440.0     120.0     160.0     200.0     440.0     480.0     440.0     600.0     640.0     600.0     600.0     600.0

     440.0     400.0     360.0     320.0     280.0     240.0     200.0     160.0     120.0     160.0     200.0     240.0     280.0     320.0     360.0     400.0     440.0     520.0     480.0     440.0     400.0     360.0     320.0     280.0     240.0     200.0     240.0     280.0     320.0     360.0     400.0     440.0     480.0     520.0     480.0     520.0     560.0     600.0     320.0     360.0     400.0     440.0      80.0      40.0       0.0      40.0     320.0     360.0     400.0     440.0     480.0     520.0     560.0     600.0     640.0     600.0     560.0     480.0     440.0     400.0      80.0     120.0     160.0     480.0     440.0     400.0     640.0     600.0     560.0     560.0     560.0

     480.0     440.0     400.0     360.0     320.0     280.0     240.0     200.0     160.0     200.0     240.0     280.0     320.0     360.0     400.0     440.0     480.0     480.0     440.0     400.0     360.0     320.0     280.0     240.0     200.0     160.0     200.0     240.0     280.0     320.0     360.0     400.0     440.0     480.0     520.0     560.0     600.0     640.0     360.0     400.0     440.0     480.0     120.0      80.0      40.0       0.0     360.0     400.0     440.0     480.0     520.0     560.0     600.0     640.0     600.0     560.0     520.0     440.0     400.0     360.0      40.0      80.0     120.0     440.0     400.0     360.0     600.0     560.0     520.0     520.0     520.0

     520.0     480.0     440.0     400.0     360.0     320.0     280.0     240.0     200.0     160.0     120.0      80.0      40.0      80.0     120.0     160.0     200.0     760.0     720.0     680.0     640.0     600.0     560.0     520.0     480.0     440.0     400.0     360.0     320.0     280.0     320.0     360.0     400.0     440.0     560.0     600.0     640.0     680.0     400.0     440.0     480.0     520.0     240.0     280.0     320.0     360.0       0.0      40.0      80.0     120.0     240.0     280.0     320.0     360.0     720.0     760.0     800.0     560.0     600.0     640.0     400.0     440.0     480.0     160.0     200.0     240.0     400.0     440.0     480.0     480.0     800.0

     560.0     520.0     480.0     440.0     400.0     360.0     320.0     280.0     240.0     200.0     160.0     120.0      80.0     120.0     160.0     200.0     240.0     720.0     680.0     640.0     600.0     560.0     520.0     480.0     440.0     400.0     360.0     320.0     280.0     240.0     280.0     320.0     360.0     400.0     600.0     640.0     680.0     720.0     440.0     480.0     520.0     560.0     280.0     320.0     360.0     400.0      40.0       0.0      40.0      80.0     280.0     320.0     360.0     400.0     760.0     800.0     760.0     600.0     640.0     600.0     440.0     480.0     440.0     120.0     160.0     200.0     440.0     480.0     440.0     440.0     760.0

     600.0     560.0     520.0     480.0     440.0     400.0     360.0     320.0     280.0     240.0     200.0     160.0     120.0     160.0     200.0     240.0     280.0     680.0     640.0     600.0     560.0     520.0     480.0     440.0     400.0     360.0     320.0     280.0     240.0     200.0     240.0     280.0     320.0     360.0     640.0     680.0     720.0     760.0     480.0     520.0     560.0     600.0     320.0     360.0     400.0     440.0      80.0      40.0       0.0      40.0     320.0     360.0     400.0     440.0     800.0     760.0     720.0     640.0     600.0     560.0     480.0     440.0     400.0      80.0     120.0     160.0     480.0     440.0     400.0     400.0     720.0

     640.0     600.0     560.0     520.0     480.0     440.0     400.0     360.0     320.0     280.0     240.0     200.0     160.0     200.0     240.0     280.0     320.0     640.0     600.0     560.0     520.0     480.0     440.0     400.0     360.0     320.0     280.0     240.0     200.0     160.0     200.0     240.0     280.0     320.0     680.0     720.0     760.0     800.0     520.0     560.0     600.0     640.0     360.0     400.0     440.0     480.0     120.0      80.0      40.0       0.0     360.0     400.0     440.0     480.0     760.0     720.0     680.0     600.0     560.0     520.0     440.0     400.0     360.0      40.0      80.0     120.0     440.0     400.0     360.0     360.0     680.0

     680.0     640.0     600.0     560.0     520.0     480.0     440.0     400.0     360.0     320.0     280.0     240.0     200.0     160.0     120.0      80.0      40.0     920.0     880.0     840.0     800.0     760.0     720.0     680.0     640.0     600.0     560.0     520.0     480.0     440.0     400.0     360.0     320.0     280.0     720.0     760.0     800.0     840.0     560.0     600.0     640.0     680.0     400.0     440.0     480.0     520.0     240.0     280.0     320.0     360.0       0.0      40.0      80.0     120.0     880.0     920.0     960.0     720.0     760.0     800.0     560.0     600.0     640.0     400.0     440.0     480.0     160.0     200.0     240.0     320.0     960.0

     720.0     680.0     640.0     600.0     560.0     520.0     480.0     440.0     400.0     360.0     320.0     280.0     240.0     200.0     160.0     120.0      80.0     880.0     840.0     800.0     760.0     720.0     680.0     640.0     600.0     560.0     520.0     480.0     440.0     400.0     360.0     320.0     280.0     240.0     760.0     800.0     840.0     880.0     600.0     640.0     680.0     720.0     440.0     480.0     520.0     560.0     280.0     320.0     360.0     400.0      40.0       0.0      40.0      80.0     920.0     960.0     920.0     760.0     800.0     760.0     600.0     640.0     600.0     440.0     480.0     440.0     120.0     160.0     200.0     280.0     920.0

     760.0     720.0     680.0     640.0     600.0     560.0     520.0     480.0     440.0     400.0     360.0     320.0     280.0     240.0     200.0     160.0     120.0     840.0     800.0     760.0     720.0     680.0     640.0     600.0     560.0     520.0     480.0     440.0     400.0     360.0     320.0     280.0     240.0     200.0     800.0     840.0     880.0     920.0     640.0     680.0     720.0     760.0     480.0     520.0     560.0     600.0     320.0     360.0     400.0     440.0      80.0      40.0       0.0      40.0     960.0     920.0     880.0     800.0     760.0     720.0     640.0     600.0     560.0     480.0     440.0     400.0      80.0     120.0     160.0     240.0     880.0

     800.0     760.0     720.0     680.0     640.0     600.0     560.0     520.0     480.0     440.0     400.0     360.0     320.0     280.0     240.0     200.0     160.0     800.0     760.0     720.0     680.0     640.0     600.0     560.0     520.0     480.0     440.0     400.0     360.0     320.0     280.0     240.0     200.0     160.0     840.0     880.0     920.0     960.0     680.0     720.0     760.0     800.0     520.0     560.0     600.0     640.0     360.0     400.0     440.0     480.0     120.0      80.0      40.0       0.0     920.0     880.0     840.0     760.0     720.0     680.0     600.0     560.0     520.0     440.0     400.0     360.0      40.0      80.0     120.0     200.0     840.0

     200.0     240.0     280.0     320.0     360.0     400.0     440.0     480.0     520.0     560.0     600.0     640.0     680.0     720.0     760.0     800.0     840.0     120.0     160.0     200.0     240.0     280.0     320.0     360.0     400.0     440.0     480.0     520.0     560.0     600.0     640.0     680.0     720.0     760.0     160.0     120.0      80.0      40.0     400.0     440.0     480.0     440.0     560.0     600.0     640.0     600.0     720.0     760.0     800.0     760.0     880.0     920.0     960.0     920.0       0.0      40.0      80.0     400.0     360.0     320.0     560.0     520.0     480.0     720.0     680.0     640.0     880.0     840.0     800.0     800.0     160.0

     240.0     280.0     320.0     360.0     400.0     440.0     480.0     520.0     560.0     600.0     640.0     680.0     720.0     760.0     800.0     840.0     880.0      80.0     120.0     160.0     200.0     240.0     280.0     320.0     360.0     400.0     440.0     480.0     520.0     560.0     600.0     640.0     680.0     720.0     200.0     160.0     120.0      80.0     440.0     480.0     440.0     400.0     600.0     640.0     600.0     560.0     760.0     800.0     760.0     720.0     920.0     960.0     920.0     880.0      40.0       0.0      40.0     360.0     320.0     280.0     520.0     480.0     440.0     680.0     640.0     600.0     840.0     800.0     760.0     760.0     120.0

     280.0     320.0     360.0     400.0     440.0     480.0     520.0     560.0     600.0     640.0     680.0     720.0     760.0     800.0     840.0     880.0     920.0      40.0      80.0     120.0     160.0     200.0     240.0     280.0     320.0     360.0     400.0     440.0     480.0     520.0     560.0     600.0     640.0     680.0     240.0     200.0     160.0     120.0     480.0     440.0     400.0     360.0     640.0     600.0     560.0     520.0     800.0     760.0     720.0     680.0     960.0     920.0     880.0     840.0      80.0      40.0       0.0     320.0     280.0     240.0     480.0     440.0     400.0     640.0     600.0     560.0     800.0     760.0     720.0     720.0      80.0

     360.0     320.0     280.0     240.0     200.0     240.0     280.0     320.0     360.0     400.0     440.0     480.0     520.0     560.0     600.0     640.0     680.0     280.0     240.0     200.0     160.0     120.0     160.0     200.0     240.0     280.0     320.0     360.0     400.0     440.0     480.0     520.0     560.0     600.0     400.0     440.0     480.0     440.0     160.0     120.0      80.0      40.0     400.0     440.0     480.0     440.0     560.0     600.0     640.0     600.0     720.0     760.0     800.0     760.0     400.0     360.0     320.0       0.0      40.0      80.0     400.0     360.0     320.0     560.0     520.0     480.0     720.0     680.0     640.0     640.0     320.0

     400.0     360.0     320.0     280.0     240.0     280.0     320.0     360.0     400.0     440.0     480.0     520.0     560.0     600.0     640.0     680.0     720.0     240.0     200.0     160.0     120.0      80.0     120.0     160.0     200.0     240.0     280.0     320.0     360.0     400.0     440.0     480.0     520.0     560.0     440.0     480.0     440.0     400.0     200.0     160.0     120.0      80.0     440.0     480.0     440.0     400.0     600.0     640.0     600.0     560.0     760.0     800.0     760.0     720.0     360.0     320.0     280.0      40.0       0.0      40.0     360.0     320.0     280.0     520.0     480.0     440.0     680.0     640.0     600.0     600.0     280.0

     440.0     400.0     360.0     320.0     280.0     320.0     360.0     400.0     440.0     480.0     520.0     560.0     600.0     640.0     680.0     720.0     760.0     200.0     160.0     120.0      80.0      40.0      80.0     120.0     160.0     200.0     240.0     280.0     320.0     360.0     400.0     440.0     480.0     520.0     480.0     440.0     400.0     360.0     240.0     200.0     160.0     120.0     480.0     440.0     400.0     360.0     640.0     600.0     560.0     520.0     800.0     760.0     720.0     680.0     320.0     280.0     240.0      80.0      40.0       0.0     320.0     280.0     240.0     480.0     440.0     400.0     640.0     600.0     560.0     560.0     240.0

     520.0     480.0     440.0     400.0     360.0     320.0     280.0     240.0     200.0     240.0     280.0     320.0     360.0     400.0     440.0     480.0     520.0     440.0     400.0     360.0     320.0     280.0     240.0     200.0     160.0     120.0     160.0     200.0     240.0     280.0     320.0     360.0     400.0     440.0     560.0     600.0     640.0     600.0     400.0     440.0     480.0     440.0     160.0     120.0      80.0      40.0     400.0     440.0     480.0     440.0     560.0     600.0     640.0     600.0     560.0     520.0     480.0     400.0     360.0     320.0       0.0      40.0      80.0     400.0     360.0     320.0     560.0     520.0     480.0     480.0     480.0

     560.0     520.0     480.0     440.0     400.0     360.0     320.0     280.0     240.0     280.0     320.0     360.0     400.0     440.0     480.0     520.0     560.0     400.0     360.0     320.0     280.0     240.0     200.0     160.0     120.0      80.0     120.0     160.0     200.0     240.0     280.0     320.0     360.0     400.0     600.0     640.0     600.0     560.0     440.0     480.0     440.0     400.0     200.0     160.0     120.0      80.0     440.0     480.0     440.0     400.0     600.0     640.0     600.0     560.0     520.0     480.0     440.0     360.0     320.0     280.0      40.0       0.0      40.0     360.0     320.0     280.0     520.0     480.0     440.0     440.0     440.0

     600.0     560.0     520.0     480.0     440.0     400.0     360.0     320.0     280.0     320.0     360.0     400.0     440.0     480.0     520.0     560.0     600.0     360.0     320.0     280.0     240.0     200.0     160.0     120.0      80.0      40.0      80.0     120.0     160.0     200.0     240.0     280.0     320.0     360.0     640.0     600.0     560.0     520.0     480.0     440.0     400.0     360.0     240.0     200.0     160.0     120.0     480.0     440.0     400.0     360.0     640.0     600.0     560.0     520.0     480.0     440.0     400.0     320.0     280.0     240.0      80.0      40.0       0.0     320.0     280.0     240.0     480.0     440.0     400.0     400.0     400.0

     680.0     640.0     600.0     560.0     520.0     480.0     440.0     400.0     360.0     320.0     280.0     240.0     200.0     240.0     280.0     320.0     360.0     600.0     560.0     520.0     480.0     440.0     400.0     360.0     320.0     280.0     240.0     200.0     160.0     120.0     160.0     200.0     240.0     280.0     720.0     760.0     800.0     760.0     560.0     600.0     640.0     600.0     400.0     440.0     480.0     440.0     160.0     120.0      80.0      40.0     400.0     440.0     480.0     440.0     720.0     680.0     640.0     560.0     520.0     480.0     400.0     360.0     320.0       0.0      40.0      80.0     400.0     360.0     320.0     320.0     640.0

     720.0     680.0     640.0     600.0     560.0     520.0     480.0     440.0     400.0     360.0     320.0     280.0     240.0     280.0     320.0     360.0     400.0     560.0     520.0     480.0     440.0     400.0     360.0     320.0     280.0     240.0     200.0     160.0     120.0      80.0     120.0     160.0     200.0     240.0     760.0     800.0     760.0     720.0     600.0     640.0     600.0     560.0     440.0     480.0     440.0     400.0     200.0     160.0     120.0      80.0     440.0     480.0     440.0     400.0     680.0     640.0     600.0     520.0     480.0     440.0     360.0     320.0     280.0      40.0       0.0      40.0     360.0     320.0     280.0     280.0     600.0

     760.0     720.0     680.0     640.0     600.0     560.0     520.0     480.0     440.0     400.0     360.0     320.0     280.0     320.0     360.0     400.0     440.0     520.0     480.0     440.0     400.0     360.0     320.0     280.0     240.0     200.0     160.0     120.0      80.0      40.0      80.0     120.0     160.0     200.0     800.0     760.0     720.0     680.0     640.0     600.0     560.0     520.0     480.0     440.0     400.0     360.0     240.0     200.0     160.0     120.0     480.0     440.0     400.0     360.0     640.0     600.0     560.0     480.0     440.0     400.0     320.0     280.0     240.0      80.0      40.0       0.0     320.0     280.0     240.0     240.0     560.0

     840.0     800.0     760.0     720.0     680.0     640.0     600.0     560.0     520.0     480.0     440.0     400.0     360.0     320.0     280.0     240.0     200.0     760.0     720.0     680.0     640.0     600.0     560.0     520.0     480.0     440.0     400.0     360.0     320.0     280.0     240.0     200.0     160.0     120.0     880.0     920.0     960.0     920.0     720.0     760.0     800.0     760.0     560.0     600.0     640.0     600.0     400.0     440.0     480.0     440.0     160.0     120.0      80.0      40.0     880.0     840.0     800.0     720.0     680.0     640.0     560.0     520.0     480.0     400.0     360.0     320.0       0.0      40.0      80.0     160.0     800.0

     880.0     840.0     800.0     760.0     720.0     680.0     640.0     600.0     560.0     520.0     480.0     440.0     400.0     360.0     320.0     280.0     240.0     720.0     680.0     640.0     600.0     560.0     520.0     480.0     440.0     400.0     360.0     320.0     280.0     240.0     200.0     160.0     120.0      80.0     920.0     960.0     920.0     880.0     760.0     800.0     760.0     720.0     600.0     640.0     600.0     560.0     440.0     480.0     440.0     400.0     200.0     160.0     120.0      80.0     840.0     800.0     760.0     680.0     640.0     600.0     520.0     480.0     440.0     360.0     320.0     280.0      40.0       0.0      40.0     120.0     760.0

     920.0     880.0     840.0     800.0     760.0     720.0     680.0     640.0     600.0     560.0     520.0     480.0     440.0     400.0     360.0     320.0     280.0     680.0     640.0     600.0     560.0     520.0     480.0     440.0     400.0     360.0     320.0     280.0     240.0     200.0     160.0     120.0      80.0      40.0     960.0     920.0     880.0     840.0     800.0     760.0     720.0     680.0     640.0     600.0     560.0     520.0     480.0     440.0     400.0     360.0     240.0     200.0     160.0     120.0     800.0     760.0     720.0     640.0     600.0     560.0     480.0     440.0     400.0     320.0     280.0     240.0      80.0      40.0       0.0      80.0     720.0

    1000.0     960.0     920.0     880.0     840.0     800.0     760.0     720.0     680.0     640.0     600.0     560.0     520.0     480.0     440.0     400.0     360.0     680.0     640.0     600.0     560.0     520.0     480.0     440.0     400.0     360.0     320.0     280.0     240.0     200.0     160.0     120.0      80.0      40.0     960.0     920.0     880.0     840.0     800.0     760.0     720.0     680.0     640.0     600.0     560.0     520.0     480.0     440.0     400.0     360.0     320.0     280.0     240.0     200.0     800.0     760.0     720.0     640.0     600.0     560.0     480.0     440.0     400.0     320.0     280.0     240.0     160.0     120.0      80.0       0.0     720.0

     360.0     400.0     440.0     480.0     520.0     560.0     600.0     640.0     680.0     720.0     760.0     800.0     840.0     880.0     920.0     960.0    1000.0      40.0      80.0     120.0     160.0     200.0     240.0     280.0     320.0     360.0     400.0     440.0     480.0     520.0     560.0     600.0     640.0     680.0     320.0     280.0     240.0     200.0     480.0     440.0     400.0     360.0     640.0     600.0     560.0     520.0     800.0     760.0     720.0     680.0     960.0     920.0     880.0     840.0     160.0     120.0      80.0     320.0     280.0     240.0     480.0     440.0     400.0     640.0     600.0     560.0     800.0     760.0     720.0     720.0       0.0

